   0.0000000000000000e+00   0.0000000000000000e+00   1.0000000000000000e+00
   6.4610592166519332e-01   0.0000000000000000e+00   7.6324775662242927e-01
  -3.5471744491163054e-01  -6.1835452560962756e-01   7.0129395757660484e-01
   5.9848214102459674e-01  -7.3073549069375654e-01   3.2839727391555723e-01
  -9.4421729908868302e-01  -1.3605726811110797e-01   2.9990350430732682e-01
   2.9599686400130604e-01   9.0765081369808376e-01   2.9758336125294194e-01
  -5.9952210687951946e-01  -7.5678648048803296e-02   7.9677222943087533e-01
   3.1004166249166160e-01   5.6628126889406660e-01   7.6367512203759291e-01
  -7.9474101437089084e-01   4.8461187903702801e-01   3.6542857957873048e-01
  -2.4139915530538424e-02  -9.5223545362988027e-01   3.0440910848474068e-01
  -3.3879243450218915e-01   9.0709381732100014e-01   2.4980090652777029e-01
  -6.8943955114544508e-01  -7.0403474785656417e-01   1.7031787670973125e-01
   2.8272659263081995e-01  -5.1752073780551566e-01   8.0761250594613820e-01
  -3.1341477219793207e-01   5.3806048654950978e-01   7.8247178440006593e-01
   8.4934478465605845e-01   4.0360748739643526e-01   3.4016824204368351e-01
   9.3557958470569913e-01  -2.6063842072206805e-01   2.3824032892316474e-01
  -0.0000000000000000e+00  -0.0000000000000000e+00  -1.0000000000000000e+00
  -6.4610592166519332e-01  -0.0000000000000000e+00  -7.6324775662242927e-01
   3.5471744491163054e-01   6.1835452560962756e-01  -7.0129395757660484e-01
  -5.9848214102459674e-01   7.3073549069375654e-01  -3.2839727391555723e-01
   9.4421729908868302e-01   1.3605726811110797e-01  -2.9990350430732682e-01
  -2.9599686400130604e-01  -9.0765081369808376e-01  -2.9758336125294194e-01
   5.9952210687951946e-01   7.5678648048803296e-02  -7.9677222943087533e-01
  -3.1004166249166160e-01  -5.6628126889406660e-01  -7.6367512203759291e-01
   7.9474101437089084e-01  -4.8461187903702801e-01  -3.6542857957873048e-01
   2.4139915530538424e-02   9.5223545362988027e-01  -3.0440910848474068e-01
   3.3879243450218915e-01  -9.0709381732100014e-01  -2.4980090652777029e-01
   6.8943955114544508e-01   7.0403474785656417e-01  -1.7031787670973125e-01
  -2.8272659263081995e-01   5.1752073780551566e-01  -8.0761250594613820e-01
   3.1341477219793207e-01  -5.3806048654950978e-01  -7.8247178440006593e-01
  -8.4934478465605845e-01  -4.0360748739643526e-01  -3.4016824204368351e-01
  -9.3557958470569913e-01   2.6063842072206805e-01  -2.3824032892316474e-01
