   0.0000000000000000e+00   0.0000000000000000e+00   1.0000000000000000e+00
   4.4497842872855070e-01   0.0000000000000000e+00   8.9554128769491703e-01
   2.9311257360207071e-01   6.5146206858307154e-01   6.9977295774689385e-01
  -8.8117697430281902e-02   4.6693646064174144e-01   8.7988954597889657e-01
  -5.6050369616853013e-01   5.2574633623757616e-01   6.3986435790265861e-01
  -5.6037088461565288e-01   8.8231355867939926e-02   8.2352880916017479e-01
  -7.4568794893323720e-01  -2.7030947996695637e-01   6.0900104093156970e-01
  -2.5212595125542858e-01  -3.9946361299237193e-01   8.8139737156326137e-01
   1.3638980194663644e-01  -6.4096213358858900e-01   7.5535777299933904e-01
   5.4638877260670338e-01  -4.4405993595018456e-01   7.1011976627415341e-01
   6.7035690183016561e-01   3.4598729682424140e-01   6.5644071674821936e-01
   6.2210095860928760e-01   7.3970567705760892e-01   2.5656560296764230e-01
   2.2046663397989646e-01   9.6617497163216726e-01   1.3379232972467120e-01
  -1.4189040744058323e-01   8.7925721186970163e-01   4.5472394664396532e-01
  -4.9498832751413335e-01   8.5295757942580785e-01   1.6568018386284952e-01
  -8.6898321456702621e-01   4.0635882767821307e-01   2.8238391591722434e-01
  -9.7035289880091424e-01  -3.7198567909420964e-02   2.3881272649117974e-01
  -7.3593579126690334e-01  -6.4443120760161943e-01   2.0762208408903715e-01
  -4.1068260493708636e-01  -7.5255434784927300e-01   5.1478320828795932e-01
  -3.1627890893264725e-02  -9.5877995418599216e-01   2.8238391591723244e-01
   4.4107373152541995e-01  -8.4381625336832677e-01   3.0566009538322381e-01
   8.3941488070250048e-01  -5.0675011532156755e-01   1.9643568585362720e-01
   8.9211101260730374e-01  -1.1748339308197656e-01   4.3627467670576175e-01
   9.4351990489908177e-01   2.8582171040955268e-01   1.6755935938581693e-01
  -0.0000000000000000e+00  -0.0000000000000000e+00  -1.0000000000000000e+00
  -4.4497842872855070e-01  -0.0000000000000000e+00  -8.9554128769491703e-01
  -2.9311257360207071e-01  -6.5146206858307154e-01  -6.9977295774689385e-01
   8.8117697430281902e-02  -4.6693646064174144e-01  -8.7988954597889657e-01
   5.6050369616853013e-01  -5.2574633623757616e-01  -6.3986435790265861e-01
   5.6037088461565288e-01  -8.8231355867939926e-02  -8.2352880916017479e-01
   7.4568794893323720e-01   2.7030947996695637e-01  -6.0900104093156970e-01
   2.5212595125542858e-01   3.9946361299237193e-01  -8.8139737156326137e-01
  -1.3638980194663644e-01   6.4096213358858900e-01  -7.5535777299933904e-01
  -5.4638877260670338e-01   4.4405993595018456e-01  -7.1011976627415341e-01
  -6.7035690183016561e-01  -3.4598729682424140e-01  -6.5644071674821936e-01
  -6.2210095860928760e-01  -7.3970567705760892e-01  -2.5656560296764230e-01
  -2.2046663397989646e-01  -9.6617497163216726e-01  -1.3379232972467120e-01
   1.4189040744058323e-01  -8.7925721186970163e-01  -4.5472394664396532e-01
   4.9498832751413335e-01  -8.5295757942580785e-01  -1.6568018386284952e-01
   8.6898321456702621e-01  -4.0635882767821307e-01  -2.8238391591722434e-01
   9.7035289880091424e-01   3.7198567909420964e-02  -2.3881272649117974e-01
   7.3593579126690334e-01   6.4443120760161943e-01  -2.0762208408903715e-01
   4.1068260493708636e-01   7.5255434784927300e-01  -5.1478320828795932e-01
   3.1627890893264725e-02   9.5877995418599216e-01  -2.8238391591723244e-01
  -4.4107373152541995e-01   8.4381625336832677e-01  -3.0566009538322381e-01
  -8.3941488070250048e-01   5.0675011532156755e-01  -1.9643568585362720e-01
  -8.9211101260730374e-01   1.1748339308197656e-01  -4.3627467670576175e-01
  -9.4351990489908177e-01  -2.8582171040955268e-01  -1.6755935938581693e-01
