   0.0000000000000000e+00   0.0000000000000000e+00   1.0000000000000000e+00
   2.7871755157383943e-01   0.0000000000000000e+00   9.6037311834759520e-01
   2.1910257978662073e-01   2.6604172136623766e-01   9.3873098490639828e-01
  -7.1145516146386950e-02   2.9952193405896438e-01   9.5143309094746209e-01
  -2.8159868820624673e-01   1.4363255345465648e-01   9.4872117526100175e-01
  -3.2685675803323416e-01  -1.3027223695786577e-01   9.3605224427165257e-01
  -5.8406104851174451e-02  -2.5164410483051242e-01   9.6605588421175914e-01
   2.4978571277146525e-01  -2.8561981753350396e-01   9.2521803783074774e-01
   5.3576740922805177e-01   1.1131945797329246e-01   8.3699537721877160e-01
   5.0623948358369431e-01   3.5067621804813870e-01   7.8787548213938519e-01
   2.3158819704998537e-01   5.0227634939957144e-01   8.3311786430311097e-01
  -8.1292867678005726e-02   5.4613775727460878e-01   8.3374157851443798e-01
  -3.4085595320421086e-01   4.8917660082399095e-01   8.0282219225151885e-01
  -4.9930176991294151e-01   2.8676310598508281e-01   8.1759688331572800e-01
  -5.6730246102590032e-01   2.1970521432364068e-03   8.2350658204767058e-01
  -4.9134891472221637e-01  -3.2393135450001259e-01   8.0848297543800351e-01
  -2.5639028758629884e-01  -4.5595727225285515e-01   8.5227166227157336e-01
   5.0225499088552547e-02  -5.0401617574179847e-01   8.6223262164680270e-01
   3.8360277937956244e-01  -4.7546790925027343e-01   7.9169386439800604e-01
   5.1758394316690404e-01  -1.7526641368749940e-01   8.3748943038639079e-01
   7.5635981615352232e-01   3.1952161552643660e-02   6.5337499789961617e-01
   7.7976429192262675e-01   2.6087311444310890e-01   5.6913343532352523e-01
   6.0797052589217826e-01   5.1157960332641417e-01   6.0717225653580131e-01
   3.5304651941617732e-01   6.6605380717162177e-01   6.5706200702849249e-01
   5.5915873036558095e-02   7.3421207782232911e-01   6.7661365632270365e-01
  -2.0192411951846878e-01   7.7298183862139735e-01   6.0143638659310861e-01
  -4.4333903040410072e-01   6.6364611628096193e-01   6.0251500932802327e-01
  -6.5358355941949897e-01   4.5420341127102354e-01   6.0541538801578509e-01
  -7.4360759289693712e-01   1.8583771136725166e-01   6.4227104311171090e-01
  -7.3502158127422845e-01  -1.3461477036954045e-01   6.6454656620848529e-01
  -6.6996726697838160e-01  -4.1356610348260248e-01   6.1652813336273238e-01
  -5.0391734184633352e-01  -6.2072168523196558e-01   6.0064290728294967e-01
  -2.6137470367989724e-01  -6.6665360943806395e-01   6.9803741253563711e-01
   5.9287293498162801e-02  -7.0095421420696580e-01   7.1073779019773375e-01
   3.3357010280717247e-01  -6.9504339433129725e-01   6.3690318456547312e-01
   6.0278306457683695e-01  -5.0766670983054796e-01   6.1557053924727678e-01
   6.9809029257706878e-01  -2.5979982263375423e-01   6.6721360565349119e-01
   9.3490757988399964e-01   9.2004137207674933e-02   3.4275801349073376e-01
   8.1918789835660699e-01   4.3978296115573023e-01   3.6813331045041631e-01
   5.8978923561456964e-01   6.9693854170810754e-01   4.0795260341730649e-01
   3.1131200897977945e-01   8.3747325203313772e-01   4.4913626573013926e-01
   5.5029654173990708e-02   9.0628312550279844e-01   4.1907354198322977e-01
  -1.9918936710091209e-01   9.2124705616969338e-01   3.3410695522932737e-01
  -4.6369892124718931e-01   8.1178120256103226e-01   3.5495716587041515e-01
  -6.9912701911293906e-01   6.0022139938480024e-01   3.8853015695928705e-01
  -8.6375270324550302e-01   2.9961031184303549e-01   4.0517271462106763e-01
  -8.9378888780244992e-01  -3.5518015053341003e-03   4.4847386629203528e-01
  -8.7213639090462103e-01  -2.7617340662803092e-01   4.0386429048794398e-01
  -7.8617641796733728e-01  -5.1559779217996093e-01   3.4071330548013012e-01
  -5.9992686157676911e-01  -7.1990232636676466e-01   3.4903925459805862e-01
  -3.5413784410084542e-01  -8.4538641164840189e-01   3.9988523650648095e-01
  -1.1640603498439865e-01  -8.4867676236835199e-01   5.1594320233450386e-01
   1.5068789762844842e-01  -8.8153864201449172e-01   4.4741790324434266e-01
   4.4174909826040004e-01  -7.9893712817605034e-01   4.0811419897858103e-01
   6.6966125734621051e-01  -6.3533367151209308e-01   3.8458409516314651e-01
   8.3310422278661334e-01  -3.9714120667790620e-01   3.8498859195244911e-01
   8.8570400715357933e-01  -1.5182736661689952e-01   4.3872185090130833e-01
   9.9426345864807320e-01  -3.8165190832823145e-02   9.9917931353013023e-02
   9.4152552073069673e-01   2.9709600405167702e-01   1.5894545664886517e-01
   7.6209464696778839e-01   6.2368256156466750e-01   1.7387297508001809e-01
   5.0717728272704388e-01   8.4046232300909118e-01   1.9077286884610767e-01
   2.4653469307909823e-01   9.5592230897633657e-01   1.5947784896261943e-01
   9.0401551656569944e-03   9.9620359814893589e-01   8.6583293017155172e-02
  -2.7597075345092442e-01   9.5890898769132726e-01   6.5830817741563824e-02
  -5.6304599751182838e-01   8.1686757799744714e-01   1.2532583413843620e-01
  -7.9363510554685479e-01   5.8709867255749404e-01   1.5955709926186601e-01
  -9.3231617930269617e-01   3.2057912235805436e-01   1.6737851749421928e-01
  -9.8279629919703482e-01   2.2938688629124539e-02   1.8326279177342161e-01
  -9.6453830018738018e-01  -2.3736330931574759e-01   1.1543191440115709e-01
  -8.6385317304331455e-01  -4.9922154954421810e-01   6.7346417081140780e-02
  -6.7173801603388894e-01  -7.3710143926324168e-01   7.3820769780004555e-02
  -4.3827709979009177e-01  -8.9420978694150288e-01   9.1115535105809844e-02
  -1.8982034232651171e-01  -9.6395922954424196e-01   1.8641577566160400e-01
   7.1473197719743253e-02  -9.7434275001590065e-01   2.1341927630644431e-01
   3.7473843344011071e-01  -9.1203639908973588e-01   1.6661546518339687e-01
   6.3651983209680119e-01  -7.6209701114469108e-01   1.1853543331758898e-01
   8.2903660907769716e-01  -5.4845562741233744e-01   1.0906294315069984e-01
   9.4880704968039642e-01  -2.9232731762569930e-01   1.1962408556200263e-01
  -0.0000000000000000e+00  -0.0000000000000000e+00  -1.0000000000000000e+00
  -2.7871755157383943e-01  -0.0000000000000000e+00  -9.6037311834759520e-01
  -2.1910257978662073e-01  -2.6604172136623766e-01  -9.3873098490639828e-01
   7.1145516146386950e-02  -2.9952193405896438e-01  -9.5143309094746209e-01
   2.8159868820624673e-01  -1.4363255345465648e-01  -9.4872117526100175e-01
   3.2685675803323416e-01   1.3027223695786577e-01  -9.3605224427165257e-01
   5.8406104851174451e-02   2.5164410483051242e-01  -9.6605588421175914e-01
  -2.4978571277146525e-01   2.8561981753350396e-01  -9.2521803783074774e-01
  -5.3576740922805177e-01  -1.1131945797329246e-01  -8.3699537721877160e-01
  -5.0623948358369431e-01  -3.5067621804813870e-01  -7.8787548213938519e-01
  -2.3158819704998537e-01  -5.0227634939957144e-01  -8.3311786430311097e-01
   8.1292867678005726e-02  -5.4613775727460878e-01  -8.3374157851443798e-01
   3.4085595320421086e-01  -4.8917660082399095e-01  -8.0282219225151885e-01
   4.9930176991294151e-01  -2.8676310598508281e-01  -8.1759688331572800e-01
   5.6730246102590032e-01  -2.1970521432364068e-03  -8.2350658204767058e-01
   4.9134891472221637e-01   3.2393135450001259e-01  -8.0848297543800351e-01
   2.5639028758629884e-01   4.5595727225285515e-01  -8.5227166227157336e-01
  -5.0225499088552547e-02   5.0401617574179847e-01  -8.6223262164680270e-01
  -3.8360277937956244e-01   4.7546790925027343e-01  -7.9169386439800604e-01
  -5.1758394316690404e-01   1.7526641368749940e-01  -8.3748943038639079e-01
  -7.5635981615352232e-01  -3.1952161552643660e-02  -6.5337499789961617e-01
  -7.7976429192262675e-01  -2.6087311444310890e-01  -5.6913343532352523e-01
  -6.0797052589217826e-01  -5.1157960332641417e-01  -6.0717225653580131e-01
  -3.5304651941617732e-01  -6.6605380717162177e-01  -6.5706200702849249e-01
  -5.5915873036558095e-02  -7.3421207782232911e-01  -6.7661365632270365e-01
   2.0192411951846878e-01  -7.7298183862139735e-01  -6.0143638659310861e-01
   4.4333903040410072e-01  -6.6364611628096193e-01  -6.0251500932802327e-01
   6.5358355941949897e-01  -4.5420341127102354e-01  -6.0541538801578509e-01
   7.4360759289693712e-01  -1.8583771136725166e-01  -6.4227104311171090e-01
   7.3502158127422845e-01   1.3461477036954045e-01  -6.6454656620848529e-01
   6.6996726697838160e-01   4.1356610348260248e-01  -6.1652813336273238e-01
   5.0391734184633352e-01   6.2072168523196558e-01  -6.0064290728294967e-01
   2.6137470367989724e-01   6.6665360943806395e-01  -6.9803741253563711e-01
  -5.9287293498162801e-02   7.0095421420696580e-01  -7.1073779019773375e-01
  -3.3357010280717247e-01   6.9504339433129725e-01  -6.3690318456547312e-01
  -6.0278306457683695e-01   5.0766670983054796e-01  -6.1557053924727678e-01
  -6.9809029257706878e-01   2.5979982263375423e-01  -6.6721360565349119e-01
  -9.3490757988399964e-01  -9.2004137207674933e-02  -3.4275801349073376e-01
  -8.1918789835660699e-01  -4.3978296115573023e-01  -3.6813331045041631e-01
  -5.8978923561456964e-01  -6.9693854170810754e-01  -4.0795260341730649e-01
  -3.1131200897977945e-01  -8.3747325203313772e-01  -4.4913626573013926e-01
  -5.5029654173990708e-02  -9.0628312550279844e-01  -4.1907354198322977e-01
   1.9918936710091209e-01  -9.2124705616969338e-01  -3.3410695522932737e-01
   4.6369892124718931e-01  -8.1178120256103226e-01  -3.5495716587041515e-01
   6.9912701911293906e-01  -6.0022139938480024e-01  -3.8853015695928705e-01
   8.6375270324550302e-01  -2.9961031184303549e-01  -4.0517271462106763e-01
   8.9378888780244992e-01   3.5518015053341003e-03  -4.4847386629203528e-01
   8.7213639090462103e-01   2.7617340662803092e-01  -4.0386429048794398e-01
   7.8617641796733728e-01   5.1559779217996093e-01  -3.4071330548013012e-01
   5.9992686157676911e-01   7.1990232636676466e-01  -3.4903925459805862e-01
   3.5413784410084542e-01   8.4538641164840189e-01  -3.9988523650648095e-01
   1.1640603498439865e-01   8.4867676236835199e-01  -5.1594320233450386e-01
  -1.5068789762844842e-01   8.8153864201449172e-01  -4.4741790324434266e-01
  -4.4174909826040004e-01   7.9893712817605034e-01  -4.0811419897858103e-01
  -6.6966125734621051e-01   6.3533367151209308e-01  -3.8458409516314651e-01
  -8.3310422278661334e-01   3.9714120667790620e-01  -3.8498859195244911e-01
  -8.8570400715357933e-01   1.5182736661689952e-01  -4.3872185090130833e-01
  -9.9426345864807320e-01   3.8165190832823145e-02  -9.9917931353013023e-02
  -9.4152552073069673e-01  -2.9709600405167702e-01  -1.5894545664886517e-01
  -7.6209464696778839e-01  -6.2368256156466750e-01  -1.7387297508001809e-01
  -5.0717728272704388e-01  -8.4046232300909118e-01  -1.9077286884610767e-01
  -2.4653469307909823e-01  -9.5592230897633657e-01  -1.5947784896261943e-01
  -9.0401551656569944e-03  -9.9620359814893589e-01  -8.6583293017155172e-02
   2.7597075345092442e-01  -9.5890898769132726e-01  -6.5830817741563824e-02
   5.6304599751182838e-01  -8.1686757799744714e-01  -1.2532583413843620e-01
   7.9363510554685479e-01  -5.8709867255749404e-01  -1.5955709926186601e-01
   9.3231617930269617e-01  -3.2057912235805436e-01  -1.6737851749421928e-01
   9.8279629919703482e-01  -2.2938688629124539e-02  -1.8326279177342161e-01
   9.6453830018738018e-01   2.3736330931574759e-01  -1.1543191440115709e-01
   8.6385317304331455e-01   4.9922154954421810e-01  -6.7346417081140780e-02
   6.7173801603388894e-01   7.3710143926324168e-01  -7.3820769780004555e-02
   4.3827709979009177e-01   8.9420978694150288e-01  -9.1115535105809844e-02
   1.8982034232651171e-01   9.6395922954424196e-01  -1.8641577566160400e-01
  -7.1473197719743253e-02   9.7434275001590065e-01  -2.1341927630644431e-01
  -3.7473843344011071e-01   9.1203639908973588e-01  -1.6661546518339687e-01
  -6.3651983209680119e-01   7.6209701114469108e-01  -1.1853543331758898e-01
  -8.2903660907769716e-01   5.4845562741233744e-01  -1.0906294315069984e-01
  -9.4880704968039642e-01   2.9232731762569930e-01  -1.1962408556200263e-01
