   0.0000000000000000e+00   0.0000000000000000e+00   1.0000000000000000e+00
   3.3486964667745112e-01   0.0000000000000000e+00   9.4226446379671935e-01
   1.3919290716353905e-01   3.6485859026669865e-01   9.2059955664988224e-01
  -2.7112349760626547e-01   2.5441947274908150e-01   9.2831179079651072e-01
  -4.0375052531150746e-01  -6.2719919698177279e-02   9.1271667289676262e-01
  -2.6118747667795589e-01  -3.8716452164724763e-01   8.8424246403588880e-01
   6.5750857510206026e-02  -3.6599729346013488e-01   9.2829025951828692e-01
   6.6048388695939531e-01   1.6538719543107624e-01   7.3239887401227755e-01
   4.6723982650064794e-01   4.1027228305210728e-01   7.8317533049174637e-01
   7.1471069603332689e-03   6.1695673741650170e-01   7.8696461357451342e-01
  -3.8251616659121268e-01   5.2235569456503228e-01   7.6211935459732705e-01
  -6.6404118466788020e-01   2.4347384958201937e-01   7.0694397913454954e-01
  -7.0899068692609157e-01  -9.3803900715816041e-02   6.9895138175882165e-01
  -5.7698459444690209e-01  -4.3657784199584487e-01   6.9028151188424214e-01
  -1.6984968304355873e-02  -7.2667775551453717e-01   6.8676848391001055e-01
   3.2226165888701319e-01  -5.2371131030751072e-01   7.8858980887872288e-01
   5.3836954600919429e-01  -2.2229628124359413e-01   8.1286074777610151e-01
   8.7257848727430376e-01   6.4287092306029844e-02   4.8422510602913171e-01
   6.7032249901944385e-01   5.7631799325253419e-01   4.6746691643548383e-01
   3.7281749620722787e-01   7.2160861866281467e-01   5.8334219459363468e-01
   6.4799546246792933e-02   8.5686327968839526e-01   5.1145511897707752e-01
  -3.2526358082420576e-01   7.7288315931798934e-01   5.4484422088525353e-01
  -5.9195338461308766e-01   7.3900372949036286e-01   3.2165925798031136e-01
  -7.3318624209950389e-01   4.6763616406858283e-01   4.9371484933231358e-01
  -9.2437017030449165e-01   5.5304539264105987e-02   3.7746681468445714e-01
  -8.7463550853084426e-01  -2.8242668514934860e-01   3.9401509454910744e-01
  -6.8492761439184402e-01  -6.0981038567741208e-01   3.9875488280830296e-01
  -3.2360239277057401e-01  -7.1160178503097249e-01   6.2362199362586046e-01
   2.5527598079719122e-01  -8.2801014881029433e-01   4.9923277846630459e-01
   5.8344417759259126e-01  -6.0335211662859189e-01   5.4365348798026014e-01
   7.7976654048674632e-01  -2.7867363807076201e-01   5.6062924092642286e-01
   8.6735090669830661e-01   3.7412194602675380e-01   3.2823036750242973e-01
   6.7494407773217679e-01   7.3231193147100460e-01   9.0386541915642452e-02
   4.0696906588268317e-01   8.8452430816867633e-01   2.2801957739040937e-01
   1.4948695076792129e-01   9.8647598749802157e-01   6.7221853886308761e-02
  -1.6074672474998536e-01   9.5721146547907876e-01   2.4063811177273420e-01
  -4.2805115958221235e-01   9.0352098869793440e-01   2.0543314304912668e-02
  -7.9092011370358895e-01   6.1018563896554900e-01   4.6031073627569558e-02
  -9.3151964647637286e-01   3.0832244867818986e-01   1.9289483111171810e-01
  -9.8653363816821305e-01  -1.6344217817832346e-01   6.1672647838846018e-03
  -8.6708296981771904e-01  -4.9439053995797244e-01   6.1197364748402525e-02
  -4.9756082032118676e-01  -8.3754168368013071e-01   2.2573692249953181e-01
  -1.9563323338259445e-01  -9.2772196983686139e-01   3.1789870191349462e-01
   1.4451849579945911e-01  -9.6532846824359708e-01   2.1738296338566215e-01
   5.9314239894682752e-01  -7.6575447902271010e-01   2.4860042724874820e-01
   8.6765295626149119e-01  -4.2988122109939469e-01   2.4976085209013096e-01
   9.8257644922692255e-01  -1.0784049410706616e-01   1.5137354212462881e-01
  -0.0000000000000000e+00  -0.0000000000000000e+00  -1.0000000000000000e+00
  -3.3486964667745112e-01  -0.0000000000000000e+00  -9.4226446379671935e-01
  -1.3919290716353905e-01  -3.6485859026669865e-01  -9.2059955664988224e-01
   2.7112349760626547e-01  -2.5441947274908150e-01  -9.2831179079651072e-01
   4.0375052531150746e-01   6.2719919698177279e-02  -9.1271667289676262e-01
   2.6118747667795589e-01   3.8716452164724763e-01  -8.8424246403588880e-01
  -6.5750857510206026e-02   3.6599729346013488e-01  -9.2829025951828692e-01
  -6.6048388695939531e-01  -1.6538719543107624e-01  -7.3239887401227755e-01
  -4.6723982650064794e-01  -4.1027228305210728e-01  -7.8317533049174637e-01
  -7.1471069603332689e-03  -6.1695673741650170e-01  -7.8696461357451342e-01
   3.8251616659121268e-01  -5.2235569456503228e-01  -7.6211935459732705e-01
   6.6404118466788020e-01  -2.4347384958201937e-01  -7.0694397913454954e-01
   7.0899068692609157e-01   9.3803900715816041e-02  -6.9895138175882165e-01
   5.7698459444690209e-01   4.3657784199584487e-01  -6.9028151188424214e-01
   1.6984968304355873e-02   7.2667775551453717e-01  -6.8676848391001055e-01
  -3.2226165888701319e-01   5.2371131030751072e-01  -7.8858980887872288e-01
  -5.3836954600919429e-01   2.2229628124359413e-01  -8.1286074777610151e-01
  -8.7257848727430376e-01  -6.4287092306029844e-02  -4.8422510602913171e-01
  -6.7032249901944385e-01  -5.7631799325253419e-01  -4.6746691643548383e-01
  -3.7281749620722787e-01  -7.2160861866281467e-01  -5.8334219459363468e-01
  -6.4799546246792933e-02  -8.5686327968839526e-01  -5.1145511897707752e-01
   3.2526358082420576e-01  -7.7288315931798934e-01  -5.4484422088525353e-01
   5.9195338461308766e-01  -7.3900372949036286e-01  -3.2165925798031136e-01
   7.3318624209950389e-01  -4.6763616406858283e-01  -4.9371484933231358e-01
   9.2437017030449165e-01  -5.5304539264105987e-02  -3.7746681468445714e-01
   8.7463550853084426e-01   2.8242668514934860e-01  -3.9401509454910744e-01
   6.8492761439184402e-01   6.0981038567741208e-01  -3.9875488280830296e-01
   3.2360239277057401e-01   7.1160178503097249e-01  -6.2362199362586046e-01
  -2.5527598079719122e-01   8.2801014881029433e-01  -4.9923277846630459e-01
  -5.8344417759259126e-01   6.0335211662859189e-01  -5.4365348798026014e-01
  -7.7976654048674632e-01   2.7867363807076201e-01  -5.6062924092642286e-01
  -8.6735090669830661e-01  -3.7412194602675380e-01  -3.2823036750242973e-01
  -6.7494407773217679e-01  -7.3231193147100460e-01  -9.0386541915642452e-02
  -4.0696906588268317e-01  -8.8452430816867633e-01  -2.2801957739040937e-01
  -1.4948695076792129e-01  -9.8647598749802157e-01  -6.7221853886308761e-02
   1.6074672474998536e-01  -9.5721146547907876e-01  -2.4063811177273420e-01
   4.2805115958221235e-01  -9.0352098869793440e-01  -2.0543314304912668e-02
   7.9092011370358895e-01  -6.1018563896554900e-01  -4.6031073627569558e-02
   9.3151964647637286e-01  -3.0832244867818986e-01  -1.9289483111171810e-01
   9.8653363816821305e-01   1.6344217817832346e-01  -6.1672647838846018e-03
   8.6708296981771904e-01   4.9439053995797244e-01  -6.1197364748402525e-02
   4.9756082032118676e-01   8.3754168368013071e-01  -2.2573692249953181e-01
   1.9563323338259445e-01   9.2772196983686139e-01  -3.1789870191349462e-01
  -1.4451849579945911e-01   9.6532846824359708e-01  -2.1738296338566215e-01
  -5.9314239894682752e-01   7.6575447902271010e-01  -2.4860042724874820e-01
  -8.6765295626149119e-01   4.2988122109939469e-01  -2.4976085209013096e-01
  -9.8257644922692255e-01   1.0784049410706616e-01  -1.5137354212462881e-01
