   0.0000000000000000e+00   0.0000000000000000e+00   1.0000000000000000e+00
   3.8280509015945718e-01   0.0000000000000000e+00   9.2382913081803708e-01
   3.2311849608414916e-01   4.2509462020083927e-01   8.4551108884781745e-01
  -4.9161263658581943e-02   4.7548161851957316e-01   8.7835095525962659e-01
  -3.7570966219830954e-01   2.0175740169280329e-01   9.0450881731081034e-01
  -4.4163019483040339e-01  -2.0747372513898898e-01   8.7287881426404845e-01
  -7.2460894996684164e-02  -4.1905424424674287e-01   9.0506516841334173e-01
   3.4309290558993394e-01  -4.2751780354449892e-01   8.3637060313376854e-01
   7.1347573860474034e-01   2.2351283436929187e-01   6.6407407967381604e-01
   6.1851445424630158e-01   5.8633826763373109e-01   5.2311309082900503e-01
   2.4300563485851953e-01   7.9345803689947059e-01   5.5800771061576426e-01
  -1.4920083866260514e-01   8.0580183028445018e-01   5.7308159982030937e-01
  -4.8303193254637983e-01   5.6511989417408692e-01   6.6881960000375174e-01
  -7.4842163598855205e-01   2.3035096299993585e-01   6.2193527688114092e-01
  -7.7527595048786480e-01  -1.5279578848065428e-01   6.1286266619668783e-01
  -5.4992897903250082e-01  -5.5901883647582684e-01   6.2054496894704103e-01
  -1.8372535399116202e-01  -7.2844065263345870e-01   6.6001455278786303e-01
   2.7286156892178010e-01  -7.4633054155092760e-01   6.0707271965872744e-01
   6.8185663199513358e-01  -5.4255653677106996e-01   4.9061587602852358e-01
   7.1583308972610193e-01  -1.9263066429964351e-01   6.7117539795843284e-01
   9.4481178460444781e-01   7.3500182444725684e-02   3.1926229788866461e-01
   8.9683898943454365e-01   4.1357635499672174e-01   1.5695357790650119e-01
   6.4141048988726412e-01   7.5351973811965400e-01   1.4422408857977875e-01
   2.4507584460567505e-01   9.5214700243196304e-01   1.8263054550277824e-01
  -1.3618562787563718e-01   9.8619464384980615e-01   9.4199783450242797e-02
  -4.6809123997543728e-01   8.3923177878028177e-01   2.7673202298169552e-01
  -7.8757060512524912e-01   5.3607004478838582e-01   3.0391026475462618e-01
  -9.6744801835575167e-01   1.7622067334859437e-01   1.8163316344791511e-01
  -9.5355251963643040e-01  -2.0378508165389791e-01   2.2183154146858608e-01
  -7.6419528535623471e-01  -5.7884000108558631e-01   2.8451681669550100e-01
  -4.4138828252244344e-01  -8.6772190239353031e-01   2.2854995987407273e-01
  -6.1754652833324174e-02  -9.4598934827725178e-01   3.1826170960298694e-01
   3.9465579891674635e-01  -8.8558665337531650e-01   2.4491443351687500e-01
   7.2205325790083608e-01  -6.8703156998254489e-01   8.1404635016123467e-02
   9.3134103404177648e-01  -3.0148104331668213e-01   2.0423775074818906e-01
  -0.0000000000000000e+00  -0.0000000000000000e+00  -1.0000000000000000e+00
  -3.8280509015945718e-01  -0.0000000000000000e+00  -9.2382913081803708e-01
  -3.2311849608414916e-01  -4.2509462020083927e-01  -8.4551108884781745e-01
   4.9161263658581943e-02  -4.7548161851957316e-01  -8.7835095525962659e-01
   3.7570966219830954e-01  -2.0175740169280329e-01  -9.0450881731081034e-01
   4.4163019483040339e-01   2.0747372513898898e-01  -8.7287881426404845e-01
   7.2460894996684164e-02   4.1905424424674287e-01  -9.0506516841334173e-01
  -3.4309290558993394e-01   4.2751780354449892e-01  -8.3637060313376854e-01
  -7.1347573860474034e-01  -2.2351283436929187e-01  -6.6407407967381604e-01
  -6.1851445424630158e-01  -5.8633826763373109e-01  -5.2311309082900503e-01
  -2.4300563485851953e-01  -7.9345803689947059e-01  -5.5800771061576426e-01
   1.4920083866260514e-01  -8.0580183028445018e-01  -5.7308159982030937e-01
   4.8303193254637983e-01  -5.6511989417408692e-01  -6.6881960000375174e-01
   7.4842163598855205e-01  -2.3035096299993585e-01  -6.2193527688114092e-01
   7.7527595048786480e-01   1.5279578848065428e-01  -6.1286266619668783e-01
   5.4992897903250082e-01   5.5901883647582684e-01  -6.2054496894704103e-01
   1.8372535399116202e-01   7.2844065263345870e-01  -6.6001455278786303e-01
  -2.7286156892178010e-01   7.4633054155092760e-01  -6.0707271965872744e-01
  -6.8185663199513358e-01   5.4255653677106996e-01  -4.9061587602852358e-01
  -7.1583308972610193e-01   1.9263066429964351e-01  -6.7117539795843284e-01
  -9.4481178460444781e-01  -7.3500182444725684e-02  -3.1926229788866461e-01
  -8.9683898943454365e-01  -4.1357635499672174e-01  -1.5695357790650119e-01
  -6.4141048988726412e-01  -7.5351973811965400e-01  -1.4422408857977875e-01
  -2.4507584460567505e-01  -9.5214700243196304e-01  -1.8263054550277824e-01
   1.3618562787563718e-01  -9.8619464384980615e-01  -9.4199783450242797e-02
   4.6809123997543728e-01  -8.3923177878028177e-01  -2.7673202298169552e-01
   7.8757060512524912e-01  -5.3607004478838582e-01  -3.0391026475462618e-01
   9.6744801835575167e-01  -1.7622067334859437e-01  -1.8163316344791511e-01
   9.5355251963643040e-01   2.0378508165389791e-01  -2.2183154146858608e-01
   7.6419528535623471e-01   5.7884000108558631e-01  -2.8451681669550100e-01
   4.4138828252244344e-01   8.6772190239353031e-01  -2.2854995987407273e-01
   6.1754652833324174e-02   9.4598934827725178e-01  -3.1826170960298694e-01
  -3.9465579891674635e-01   8.8558665337531650e-01  -2.4491443351687500e-01
  -7.2205325790083608e-01   6.8703156998254489e-01  -8.1404635016123467e-02
  -9.3134103404177648e-01   3.0148104331668213e-01  -2.0423775074818906e-01
