   0.0000000000000000e+00   0.0000000000000000e+00   1.0000000000000000e+00
   7.9338475274129683e-01   0.0000000000000000e+00   6.0872048931971334e-01
   9.7686239243730544e-01   2.1043708684020276e-01   3.8158861668986264e-02
  -8.6641681530551296e-01  -2.1784662107418588e-02   4.9884599893425863e-01
  -3.5989030469167066e-01   7.2777751960000892e-01   5.8379692578309716e-01
  -5.8908340349899979e-01  -7.8108570254037268e-01   2.0708903642889229e-01
   4.7675793170782310e-01  -8.4566179183649581e-01   2.3991250151162630e-01
  -6.0012098660858770e-01   7.7263764626303821e-01   2.0708903642889359e-01
   9.1953246962686075e-01   1.7864149029338519e-01   3.5006750098757350e-01
  -2.3125942904562530e-01   8.9881454968228325e-01   3.7235934493030493e-01
  -6.6214538691925318e-01  -3.2589324086961047e-01   6.7480151314075654e-01
   4.9566076466300041e-02  -8.3621521370338736e-01   5.4615686431165089e-01
   6.3484032037483862e-01   2.4752795714760914e-01   7.3192054080801938e-01
  -2.7631107563862656e-01  -8.2753617955460812e-01   4.8870856449175160e-01
   3.2724283339103050e-01  -7.2467664310525193e-01   6.0642880120580822e-01
   7.7041942618203041e-01   4.2038196745549961e-01   4.7930461003373870e-01
  -7.9743707723778678e-01  -4.2395488551688815e-01   4.2936739849785799e-01
   1.9815318808565513e-01  -9.3772664628702240e-01   2.8531395145485711e-01
   9.2625127261823526e-01  -1.5989295206355914e-01   3.4131045084131245e-01
   5.8778286930533352e-01  -6.3923132607215227e-01   4.9587761627162286e-01
   2.9590878807473315e-02   8.2610830975875393e-01   5.6273389842707733e-01
  -5.8730433303307093e-02   6.1752771064159773e-01   7.8435340427243183e-01
   3.0506301562058147e-01   7.1353884163641723e-01   6.3071299176141671e-01
  -3.7885855076997033e-01   9.2060408722102982e-01   9.4627232340444525e-02
   6.7507550727467835e-01  -2.7905238466174331e-01   6.8293691223452702e-01
   4.5758044326281949e-01   4.8699810877440158e-01   7.4394420489278479e-01
   3.7280329627466458e-01   8.6968629760810245e-01   3.2351730408040913e-01
   1.3236459689630728e-01  -5.3888518715778022e-01   8.3191488059200036e-01
  -9.5231502966349479e-01  -1.6642463737622584e-01   2.5573213398243216e-01
  -1.4507662698647311e-01  -6.3447165786234527e-01   7.5920911985541562e-01
   7.0350738570122540e-01  -7.0018204798513750e-01   1.2174751719507783e-01
  -6.1228357553359836e-01   6.1597958847721257e-01   4.9565912652874283e-01
  -8.2045947090856719e-01   5.2803455422693846e-01   2.1914781801056654e-01
  -4.2239019120085031e-01  -5.2464898294816797e-01   7.3914137420980708e-01
   9.9154131748543883e-01  -1.2401698323633467e-01   3.8283202428725877e-02
   6.0649601788143481e-01   6.6431682133679915e-01   4.3685894884153820e-01
   2.4438765512353977e-01  -2.1413869881120598e-01   9.4573743274476629e-01
  -9.4608314040399377e-01   2.1779616743403990e-01   2.3977389535635596e-01
   6.4612118621413750e-01   7.5432789753057261e-01   1.1626192726916917e-01
   1.4752790275338165e-01   4.3180676406376084e-01   8.8981932796381336e-01
   5.0115543893926617e-01  -3.3084895261022609e-02   8.6472458952383136e-01
  -1.7638015906690804e-01  -9.5572208198531139e-01   2.3555326678523086e-01
   6.8505077441960549e-02  -9.9765005833122011e-01   1.1897379477109717e-03
  -3.7420980524954850e-01  -2.2679329051411209e-01   8.9918397729990529e-01
  -1.0009700717177121e-01  -3.0826772977887640e-01   9.4601881373058960e-01
  -3.4121436768376490e-01   4.7406440199491356e-01   8.1168694584018874e-01
   4.4244352290975081e-01  -4.3234809952481068e-01   7.8569641075449304e-01
  -7.9444298572533589e-01   3.2156873127741953e-01   5.1522217876994059e-01
  -5.5549258433931281e-01  -6.8159439931923249e-01   4.7629514333098760e-01
  -6.7564993399773388e-01  -1.5469019264868241e-02   7.3706029341692325e-01
   7.9548559098051241e-01  -4.4086448294906649e-01   4.1574172537338261e-01
  -3.6589676144639305e-01  -9.3048518404948677e-01   1.7801186124361542e-02
  -1.4808416716744621e-01   2.4459529425293142e-01   9.5825060472907908e-01
   2.9515892801391713e-01   1.8194718920578140e-01   9.3796397988077929e-01
  -5.9041282908741455e-01   3.2616045502834162e-01   7.3826285889559740e-01
   9.6414702014992304e-02   9.6448068775665674e-01   2.4592927475151583e-01
   8.5078077622694182e-01   5.0447199797829745e-01   1.4724155004096837e-01
  -4.0752268938826913e-01   7.1989105457174143e-02   9.1035313276180263e-01
  -8.3241509838515682e-01  -5.3124278151028803e-01   1.5769023772460397e-01
   8.8564809535644384e-01  -4.5549140107185437e-01   9.0305230973087153e-02
  -0.0000000000000000e+00  -0.0000000000000000e+00  -1.0000000000000000e+00
  -7.9338475274129683e-01  -0.0000000000000000e+00  -6.0872048931971334e-01
  -9.7686239243730544e-01  -2.1043708684020276e-01  -3.8158861668986264e-02
   8.6641681530551296e-01   2.1784662107418588e-02  -4.9884599893425863e-01
   3.5989030469167066e-01  -7.2777751960000892e-01  -5.8379692578309716e-01
   5.8908340349899979e-01   7.8108570254037268e-01  -2.0708903642889229e-01
  -4.7675793170782310e-01   8.4566179183649581e-01  -2.3991250151162630e-01
   6.0012098660858770e-01  -7.7263764626303821e-01  -2.0708903642889359e-01
  -9.1953246962686075e-01  -1.7864149029338519e-01  -3.5006750098757350e-01
   2.3125942904562530e-01  -8.9881454968228325e-01  -3.7235934493030493e-01
   6.6214538691925318e-01   3.2589324086961047e-01  -6.7480151314075654e-01
  -4.9566076466300041e-02   8.3621521370338736e-01  -5.4615686431165089e-01
  -6.3484032037483862e-01  -2.4752795714760914e-01  -7.3192054080801938e-01
   2.7631107563862656e-01   8.2753617955460812e-01  -4.8870856449175160e-01
  -3.2724283339103050e-01   7.2467664310525193e-01  -6.0642880120580822e-01
  -7.7041942618203041e-01  -4.2038196745549961e-01  -4.7930461003373870e-01
   7.9743707723778678e-01   4.2395488551688815e-01  -4.2936739849785799e-01
  -1.9815318808565513e-01   9.3772664628702240e-01  -2.8531395145485711e-01
  -9.2625127261823526e-01   1.5989295206355914e-01  -3.4131045084131245e-01
  -5.8778286930533352e-01   6.3923132607215227e-01  -4.9587761627162286e-01
  -2.9590878807473315e-02  -8.2610830975875393e-01  -5.6273389842707733e-01
   5.8730433303307093e-02  -6.1752771064159773e-01  -7.8435340427243183e-01
  -3.0506301562058147e-01  -7.1353884163641723e-01  -6.3071299176141671e-01
   3.7885855076997033e-01  -9.2060408722102982e-01  -9.4627232340444525e-02
  -6.7507550727467835e-01   2.7905238466174331e-01  -6.8293691223452702e-01
  -4.5758044326281949e-01  -4.8699810877440158e-01  -7.4394420489278479e-01
  -3.7280329627466458e-01  -8.6968629760810245e-01  -3.2351730408040913e-01
  -1.3236459689630728e-01   5.3888518715778022e-01  -8.3191488059200036e-01
   9.5231502966349479e-01   1.6642463737622584e-01  -2.5573213398243216e-01
   1.4507662698647311e-01   6.3447165786234527e-01  -7.5920911985541562e-01
  -7.0350738570122540e-01   7.0018204798513750e-01  -1.2174751719507783e-01
   6.1228357553359836e-01  -6.1597958847721257e-01  -4.9565912652874283e-01
   8.2045947090856719e-01  -5.2803455422693846e-01  -2.1914781801056654e-01
   4.2239019120085031e-01   5.2464898294816797e-01  -7.3914137420980708e-01
  -9.9154131748543883e-01   1.2401698323633467e-01  -3.8283202428725877e-02
  -6.0649601788143481e-01  -6.6431682133679915e-01  -4.3685894884153820e-01
  -2.4438765512353977e-01   2.1413869881120598e-01  -9.4573743274476629e-01
   9.4608314040399377e-01  -2.1779616743403990e-01  -2.3977389535635596e-01
  -6.4612118621413750e-01  -7.5432789753057261e-01  -1.1626192726916917e-01
  -1.4752790275338165e-01  -4.3180676406376084e-01  -8.8981932796381336e-01
  -5.0115543893926617e-01   3.3084895261022609e-02  -8.6472458952383136e-01
   1.7638015906690804e-01   9.5572208198531139e-01  -2.3555326678523086e-01
  -6.8505077441960549e-02   9.9765005833122011e-01  -1.1897379477109717e-03
   3.7420980524954850e-01   2.2679329051411209e-01  -8.9918397729990529e-01
   1.0009700717177121e-01   3.0826772977887640e-01  -9.4601881373058960e-01
   3.4121436768376490e-01  -4.7406440199491356e-01  -8.1168694584018874e-01
  -4.4244352290975081e-01   4.3234809952481068e-01  -7.8569641075449304e-01
   7.9444298572533589e-01  -3.2156873127741953e-01  -5.1522217876994059e-01
   5.5549258433931281e-01   6.8159439931923249e-01  -4.7629514333098760e-01
   6.7564993399773388e-01   1.5469019264868241e-02  -7.3706029341692325e-01
  -7.9548559098051241e-01   4.4086448294906649e-01  -4.1574172537338261e-01
   3.6589676144639305e-01   9.3048518404948677e-01  -1.7801186124361542e-02
   1.4808416716744621e-01  -2.4459529425293142e-01  -9.5825060472907908e-01
  -2.9515892801391713e-01  -1.8194718920578140e-01  -9.3796397988077929e-01
   5.9041282908741455e-01  -3.2616045502834162e-01  -7.3826285889559740e-01
  -9.6414702014992304e-02  -9.6448068775665674e-01  -2.4592927475151583e-01
  -8.5078077622694182e-01  -5.0447199797829745e-01  -1.4724155004096837e-01
   4.0752268938826913e-01  -7.1989105457174143e-02  -9.1035313276180263e-01
   8.3241509838515682e-01   5.3124278151028803e-01  -1.5769023772460397e-01
  -8.8564809535644384e-01   4.5549140107185437e-01  -9.0305230973087153e-02
