   0.0000000000000000e+00   0.0000000000000000e+00   1.0000000000000000e+00
   2.6041600954978000e-01   0.0000000000000000e+00   9.6549650541582432e-01
   2.8231490548239774e-01   2.2204557732839184e-01   9.3327062298744090e-01
   3.6931346672225626e-03   2.5410218846097143e-01   9.6717032552476234e-01
  -2.2645733193550105e-01   2.8399313564954476e-01   9.3170004600010270e-01
  -4.3408568332502134e-01   1.2437447865925318e-01   8.9224470219244689e-01
  -2.3539691248237099e-01  -1.2391046141372288e-02   9.7182033090962305e-01
  -9.7448503501977174e-02  -2.8020031580784532e-01   9.5498249836654536e-01
   1.4092037396709478e-01  -2.4637234751228348e-01   9.5887544268390812e-01
   5.5021819024873531e-01   1.5879505498585181e-01   8.1978294299860066e-01
   4.0839870026644387e-01   3.9672664025117843e-01   8.2208179309341922e-01
   2.6032056075180576e-01   6.0053648081206656e-01   7.5603514525696747e-01
   1.0407641996283376e-01   4.5845110427945651e-01   8.8260448888087284e-01
  -9.8794328076092994e-02   5.7009921973728783e-01   8.1561422277626372e-01
  -3.2994419822558185e-01   4.6617746157545376e-01   8.2086259530834049e-01
  -5.5276965681496937e-01   3.0953408628430962e-01   7.7371464761422137e-01
  -7.0212383757876928e-01   1.0905791025301441e-01   7.0365367114434041e-01
  -5.5932831741349542e-01  -8.4516155004122809e-02   8.2462649295466328e-01
  -3.5561183235304838e-01  -2.2927584938271897e-01   9.0607549883016936e-01
  -2.6458045810972219e-01  -4.7655879023526926e-01   8.3838469728159171e-01
  -4.7123570038087046e-03  -5.1745309287526398e-01   8.5569859785165714e-01
   2.3186740411513723e-01  -4.8856030866723932e-01   8.4115773295136476e-01
   3.8854128329710147e-01  -2.6140580354765736e-01   8.8357380961945964e-01
   5.1541277250997775e-01  -6.2327805437276937e-02   8.5467240425963853e-01
   7.3479747636548254e-01   1.8889478622343200e-01   6.5145332024982572e-01
   8.4161602339915276e-01   2.8457454480344752e-01   4.5902047624012082e-01
   6.0917360483659544e-01   4.2386401622680753e-01   6.7025876713286492e-01
   4.8323862739865647e-01   6.3389088551905637e-01   6.0387314416666105e-01
   4.4069863424950217e-01   7.8361358265256575e-01   4.3787494430834245e-01
   1.9038998673359836e-01   7.6887160133401100e-01   6.1039996200331947e-01
  -5.1651195538311566e-02   7.3726991185892543e-01   6.7362098472879806e-01
  -2.7233111512752700e-01   8.0776725173076480e-01   5.2282676936507833e-01
  -3.7141708681478275e-01   6.5532295481700675e-01   6.5772423743688158e-01
  -5.9017331944194240e-01   4.9937783965557725e-01   6.3428481479522081e-01
  -7.7775518943771837e-01   3.1029117080617297e-01   5.4664088268481459e-01
  -8.5397178201082635e-01   3.5428181004368342e-02   5.1911177940784148e-01
  -7.2422926646876806e-01  -1.8618171553280957e-01   6.6394904803860522e-01
  -5.2818764017365660e-01  -3.7052467581373377e-01   7.6402178069797944e-01
  -4.5048836905002432e-01  -5.9080362102585060e-01   6.6933647049402012e-01
  -1.8739244543505337e-01  -6.9015326936052823e-01   6.9897963932066343e-01
   5.4163513802127548e-02  -7.3042776290227507e-01   6.8083889206932402e-01
   2.9739158604371646e-01  -6.7317972531368986e-01   6.7704305769794870e-01
   4.9129195773893053e-01  -4.6128862440576535e-01   7.3881324924156955e-01
   6.5381786650578599e-01  -2.8822179615871235e-01   6.9960731389606545e-01
   7.3715684642463164e-01  -8.0380319980954865e-02   6.7092383168959757e-01
   9.5769074046654834e-01   9.8196482135782179e-02   2.7052891993424893e-01
   8.8582168995258781e-01   3.9380716429426721e-01   2.4542993085613971e-01
   7.1809628287005478e-01   5.2323618806234673e-01   4.5886993803276627e-01
   6.7159342285591206e-01   6.7678631912878029e-01   3.0153366746815652e-01
   4.9797135352518507e-01   8.4599720605880280e-01   1.9056037995605127e-01
   2.2470673808634847e-01   9.0069436489202048e-01   3.7182864724272269e-01
  -1.8932432517179205e-02   8.9456150618860497e-01   4.4654369847144526e-01
  -2.5585172747392837e-01   9.2090966990613465e-01   2.9404978051680469e-01
  -4.9019202007675222e-01   8.2489777612941451e-01   2.8152343133355601e-01
  -5.6327214508492451e-01   6.9271295640778519e-01   4.5041453195496867e-01
  -7.5909425855893986e-01   5.1526262813870138e-01   3.9784460617991502e-01
  -9.0492683546529828e-01   2.7743329654238874e-01   3.2270449086491476e-01
  -9.5797874191808774e-01   4.1357309200918096e-02   2.8384203883268849e-01
  -8.6660146013701378e-01  -2.1881066143814940e-01   4.4846828620248641e-01
  -6.9902198631847745e-01  -4.3418672277674680e-01   5.6819904294864731e-01
  -6.0604209028571843e-01  -6.5013048466236489e-01   4.5830485237971869e-01
  -3.5677620480109945e-01  -7.8410270780315716e-01   5.0783233778825132e-01
  -1.1453708009562190e-01  -8.7082481404248957e-01   4.7806422218257710e-01
   1.4652102895037955e-01  -8.6834473850343541e-01   4.7382381028049048e-01
   3.9093812181877136e-01  -7.9879856892473200e-01   4.5726166599947082e-01
   5.4982125133763993e-01  -6.2456170198737049e-01   5.5463435882403722e-01
   7.4378861388308171e-01  -4.4445135486710019e-01   4.9924091480434851e-01
   8.6281303700515810e-01  -2.6030054201522174e-01   4.3335584800544408e-01
   8.7905750209596145e-01  -1.1184919742149677e-02   4.7658452091855680e-01
   9.7067674247535585e-01  -1.4105827569720808e-01   1.9465154629429987e-01
   9.6984124773094460e-01   2.3757380957817348e-01   5.4466863340918513e-02
   8.0713270825000216e-01   5.8119294757525808e-01   1.0368967625467970e-01
   2.6207517175929246e-01   9.5643507565748931e-01   1.2864116914654480e-01
  -8.9198306674773669e-03   9.8119036308973817e-01   1.9283647995307082e-01
  -1.9246747949288934e-01   9.8112722150023801e-01   1.8591518735083884e-02
  -4.3115662479775152e-01   9.0135346882278011e-01   4.0815305145894439e-02
  -7.2225214060734921e-01   6.6493427368071123e-01   1.9030043897166085e-01
  -8.7516634913687152e-01   4.6626480224843719e-01   1.2915492837156942e-01
  -9.6419043304070495e-01   2.6185873291983530e-01   4.2033472690181060e-02
  -9.9922111515840961e-01  -9.9578983967162147e-04   3.9448338674520002e-02
  -9.4816084848445348e-01  -2.2906572081517873e-01   2.2027233359789847e-01
  -8.1290061623958054e-01  -4.7259127689354702e-01   3.4036755591777096e-01
  -7.1812725062534932e-01  -6.6693960180379663e-01   1.9870787466799092e-01
  -5.0013215204606321e-01  -8.1683016531038966e-01   2.8750010700654516e-01
  -2.3161367408522249e-01  -9.3377191191419384e-01   2.7280968182389598e-01
  -9.0523137426338857e-02  -9.9375353263160404e-01   6.5264676301192592e-02
   7.2113021709113656e-02  -9.6527633623037057e-01   2.5108027961919532e-01
   3.2296424077400387e-01  -9.2154951405342600e-01   2.1550079426574184e-01
   5.4827043320511482e-01  -8.0015596203493644e-01   2.4320766536649541e-01
   7.0200426239924341e-01  -6.3063053349680087e-01   3.3090050739585514e-01
   8.0833191179294450e-01  -5.7882505540220952e-01   1.0752244238200918e-01
   8.9471606887124611e-01  -3.9410912622150118e-01   2.1014555130315835e-01
  -8.8631014097537486e-01  -4.5441690779979527e-01   8.9216634715077431e-02
  -6.4148903616614450e-01  -7.6713195971046755e-01   6.1063033704368693e-04
  -4.0864321675155080e-01  -9.0926082179469325e-01   7.9091588378185182e-02
   6.4004171963424028e-01  -7.6831855340861499e-01   5.7617372152497853e-03
  -0.0000000000000000e+00  -0.0000000000000000e+00  -1.0000000000000000e+00
  -2.6041600954978000e-01  -0.0000000000000000e+00  -9.6549650541582432e-01
  -2.8231490548239774e-01  -2.2204557732839184e-01  -9.3327062298744090e-01
  -3.6931346672225626e-03  -2.5410218846097143e-01  -9.6717032552476234e-01
   2.2645733193550105e-01  -2.8399313564954476e-01  -9.3170004600010270e-01
   4.3408568332502134e-01  -1.2437447865925318e-01  -8.9224470219244689e-01
   2.3539691248237099e-01   1.2391046141372288e-02  -9.7182033090962305e-01
   9.7448503501977174e-02   2.8020031580784532e-01  -9.5498249836654536e-01
  -1.4092037396709478e-01   2.4637234751228348e-01  -9.5887544268390812e-01
  -5.5021819024873531e-01  -1.5879505498585181e-01  -8.1978294299860066e-01
  -4.0839870026644387e-01  -3.9672664025117843e-01  -8.2208179309341922e-01
  -2.6032056075180576e-01  -6.0053648081206656e-01  -7.5603514525696747e-01
  -1.0407641996283376e-01  -4.5845110427945651e-01  -8.8260448888087284e-01
   9.8794328076092994e-02  -5.7009921973728783e-01  -8.1561422277626372e-01
   3.2994419822558185e-01  -4.6617746157545376e-01  -8.2086259530834049e-01
   5.5276965681496937e-01  -3.0953408628430962e-01  -7.7371464761422137e-01
   7.0212383757876928e-01  -1.0905791025301441e-01  -7.0365367114434041e-01
   5.5932831741349542e-01   8.4516155004122809e-02  -8.2462649295466328e-01
   3.5561183235304838e-01   2.2927584938271897e-01  -9.0607549883016936e-01
   2.6458045810972219e-01   4.7655879023526926e-01  -8.3838469728159171e-01
   4.7123570038087046e-03   5.1745309287526398e-01  -8.5569859785165714e-01
  -2.3186740411513723e-01   4.8856030866723932e-01  -8.4115773295136476e-01
  -3.8854128329710147e-01   2.6140580354765736e-01  -8.8357380961945964e-01
  -5.1541277250997775e-01   6.2327805437276937e-02  -8.5467240425963853e-01
  -7.3479747636548254e-01  -1.8889478622343200e-01  -6.5145332024982572e-01
  -8.4161602339915276e-01  -2.8457454480344752e-01  -4.5902047624012082e-01
  -6.0917360483659544e-01  -4.2386401622680753e-01  -6.7025876713286492e-01
  -4.8323862739865647e-01  -6.3389088551905637e-01  -6.0387314416666105e-01
  -4.4069863424950217e-01  -7.8361358265256575e-01  -4.3787494430834245e-01
  -1.9038998673359836e-01  -7.6887160133401100e-01  -6.1039996200331947e-01
   5.1651195538311566e-02  -7.3726991185892543e-01  -6.7362098472879806e-01
   2.7233111512752700e-01  -8.0776725173076480e-01  -5.2282676936507833e-01
   3.7141708681478275e-01  -6.5532295481700675e-01  -6.5772423743688158e-01
   5.9017331944194240e-01  -4.9937783965557725e-01  -6.3428481479522081e-01
   7.7775518943771837e-01  -3.1029117080617297e-01  -5.4664088268481459e-01
   8.5397178201082635e-01  -3.5428181004368342e-02  -5.1911177940784148e-01
   7.2422926646876806e-01   1.8618171553280957e-01  -6.6394904803860522e-01
   5.2818764017365660e-01   3.7052467581373377e-01  -7.6402178069797944e-01
   4.5048836905002432e-01   5.9080362102585060e-01  -6.6933647049402012e-01
   1.8739244543505337e-01   6.9015326936052823e-01  -6.9897963932066343e-01
  -5.4163513802127548e-02   7.3042776290227507e-01  -6.8083889206932402e-01
  -2.9739158604371646e-01   6.7317972531368986e-01  -6.7704305769794870e-01
  -4.9129195773893053e-01   4.6128862440576535e-01  -7.3881324924156955e-01
  -6.5381786650578599e-01   2.8822179615871235e-01  -6.9960731389606545e-01
  -7.3715684642463164e-01   8.0380319980954865e-02  -6.7092383168959757e-01
  -9.5769074046654834e-01  -9.8196482135782179e-02  -2.7052891993424893e-01
  -8.8582168995258781e-01  -3.9380716429426721e-01  -2.4542993085613971e-01
  -7.1809628287005478e-01  -5.2323618806234673e-01  -4.5886993803276627e-01
  -6.7159342285591206e-01  -6.7678631912878029e-01  -3.0153366746815652e-01
  -4.9797135352518507e-01  -8.4599720605880280e-01  -1.9056037995605127e-01
  -2.2470673808634847e-01  -9.0069436489202048e-01  -3.7182864724272269e-01
   1.8932432517179205e-02  -8.9456150618860497e-01  -4.4654369847144526e-01
   2.5585172747392837e-01  -9.2090966990613465e-01  -2.9404978051680469e-01
   4.9019202007675222e-01  -8.2489777612941451e-01  -2.8152343133355601e-01
   5.6327214508492451e-01  -6.9271295640778519e-01  -4.5041453195496867e-01
   7.5909425855893986e-01  -5.1526262813870138e-01  -3.9784460617991502e-01
   9.0492683546529828e-01  -2.7743329654238874e-01  -3.2270449086491476e-01
   9.5797874191808774e-01  -4.1357309200918096e-02  -2.8384203883268849e-01
   8.6660146013701378e-01   2.1881066143814940e-01  -4.4846828620248641e-01
   6.9902198631847745e-01   4.3418672277674680e-01  -5.6819904294864731e-01
   6.0604209028571843e-01   6.5013048466236489e-01  -4.5830485237971869e-01
   3.5677620480109945e-01   7.8410270780315716e-01  -5.0783233778825132e-01
   1.1453708009562190e-01   8.7082481404248957e-01  -4.7806422218257710e-01
  -1.4652102895037955e-01   8.6834473850343541e-01  -4.7382381028049048e-01
  -3.9093812181877136e-01   7.9879856892473200e-01  -4.5726166599947082e-01
  -5.4982125133763993e-01   6.2456170198737049e-01  -5.5463435882403722e-01
  -7.4378861388308171e-01   4.4445135486710019e-01  -4.9924091480434851e-01
  -8.6281303700515810e-01   2.6030054201522174e-01  -4.3335584800544408e-01
  -8.7905750209596145e-01   1.1184919742149677e-02  -4.7658452091855680e-01
  -9.7067674247535585e-01   1.4105827569720808e-01  -1.9465154629429987e-01
  -9.6984124773094460e-01  -2.3757380957817348e-01  -5.4466863340918513e-02
  -8.0713270825000216e-01  -5.8119294757525808e-01  -1.0368967625467970e-01
  -2.6207517175929246e-01  -9.5643507565748931e-01  -1.2864116914654480e-01
   8.9198306674773669e-03  -9.8119036308973817e-01  -1.9283647995307082e-01
   1.9246747949288934e-01  -9.8112722150023801e-01  -1.8591518735083884e-02
   4.3115662479775152e-01  -9.0135346882278011e-01  -4.0815305145894439e-02
   7.2225214060734921e-01  -6.6493427368071123e-01  -1.9030043897166085e-01
   8.7516634913687152e-01  -4.6626480224843719e-01  -1.2915492837156942e-01
   9.6419043304070495e-01  -2.6185873291983530e-01  -4.2033472690181060e-02
   9.9922111515840961e-01   9.9578983967162147e-04  -3.9448338674520002e-02
   9.4816084848445348e-01   2.2906572081517873e-01  -2.2027233359789847e-01
   8.1290061623958054e-01   4.7259127689354702e-01  -3.4036755591777096e-01
   7.1812725062534932e-01   6.6693960180379663e-01  -1.9870787466799092e-01
   5.0013215204606321e-01   8.1683016531038966e-01  -2.8750010700654516e-01
   2.3161367408522249e-01   9.3377191191419384e-01  -2.7280968182389598e-01
   9.0523137426338857e-02   9.9375353263160404e-01  -6.5264676301192592e-02
  -7.2113021709113656e-02   9.6527633623037057e-01  -2.5108027961919532e-01
  -3.2296424077400387e-01   9.2154951405342600e-01  -2.1550079426574184e-01
  -5.4827043320511482e-01   8.0015596203493644e-01  -2.4320766536649541e-01
  -7.0200426239924341e-01   6.3063053349680087e-01  -3.3090050739585514e-01
  -8.0833191179294450e-01   5.7882505540220952e-01  -1.0752244238200918e-01
  -8.9471606887124611e-01   3.9410912622150118e-01  -2.1014555130315835e-01
   8.8631014097537486e-01   4.5441690779979527e-01  -8.9216634715077431e-02
   6.4148903616614450e-01   7.6713195971046755e-01  -6.1063033704368693e-04
   4.0864321675155080e-01   9.0926082179469325e-01  -7.9091588378185182e-02
  -6.4004171963424028e-01   7.6831855340861499e-01  -5.7617372152497853e-03
