   0.0000000000000000e+00   0.0000000000000000e+00   1.0000000000000000e+00
   2.0226008547152394e-01   0.0000000000000000e+00   9.7933184254625960e-01
   1.3865483364979378e-01   1.5950539634952360e-01   9.7741130832466294e-01
  -8.1406645554021620e-02   1.3880118414781234e-01   9.8696868711160590e-01
  -2.3499050313768610e-01   5.0326529306745034e-02   9.7069392904408058e-01
  -2.0992116108745851e-01  -1.1881604950425298e-01   9.7047197409708652e-01
  -5.0553467577368609e-02  -1.7312525582721566e-01   9.8360154163699087e-01
   1.3351112038519822e-01  -1.6667375676508059e-01   9.7693123582947428e-01
   3.6809808865979909e-01   9.2162914695420400e-02   9.2520797352803186e-01
   3.0326012236255462e-01   2.5054005663712986e-01   9.1938184570118209e-01
   7.0235568781739963e-02   3.0332564516772970e-01   9.5029496360945009e-01
  -1.1713512691786296e-01   3.1286439777817349e-01   9.4254720340407194e-01
  -2.7463808547714902e-01   2.5435250399971593e-01   9.2729646053164716e-01
  -3.9387868867656173e-01   1.0049494689038072e-01   9.1365220092545707e-01
  -3.9374214605782237e-01  -9.9668036872433044e-02   9.1380162225932593e-01
  -3.6945128854404302e-01  -2.6480947741947009e-01   8.9071975730976882e-01
  -2.0043011214411330e-01  -3.1554084176522051e-01   9.2750296351224359e-01
  -4.7122994697703993e-02  -3.7500518144348660e-01   9.2582424750125103e-01
   1.1929572436962164e-01  -3.3607252534889964e-01   9.3425038820047623e-01
   3.0525645897202008e-01  -2.4910108670267306e-01   9.1911214922848816e-01
   3.6022402192971908e-01  -9.5046286122929868e-02   9.2801123781935713e-01
   5.3126119421505613e-01   4.0956917556700029e-02   8.4621751011512758e-01
   4.9514978218238376e-01   2.2965762842971890e-01   8.3790456909410338e-01
   4.6522696289980109e-01   3.7953818491557806e-01   7.9969659195348308e-01
   2.5911490391469660e-01   3.9731373143209270e-01   8.8034156177292033e-01
   6.8835761291283479e-02   4.6094304251505341e-01   8.8475598303962610e-01
  -1.2107618935920256e-01   4.8105759459829017e-01   8.6828805534198250e-01
  -2.7743676340682472e-01   4.6644068552538254e-01   8.3991781097733409e-01
  -4.0731376816424308e-01   3.2391623879449910e-01   8.5391671989080431e-01
  -5.3328905385372694e-01   1.7173015459391483e-01   8.2831850096623261e-01
  -5.4340182698213657e-01  -2.0385041562895043e-02   8.3922518105271071e-01
  -5.5160014870529883e-01  -2.0554677869792254e-01   8.0838592127473341e-01
  -4.8118931834948908e-01  -3.8635584117124899e-01   7.8688372959364883e-01
  -3.1283552509248924e-01  -4.5252561708748062e-01   8.3507754138145840e-01
  -1.6180316272742926e-01  -5.2792584882732485e-01   8.3373499067230572e-01
   1.1826699633994587e-02  -5.4067751574952261e-01   8.4114680831510746e-01
   1.9024052998607802e-01  -4.8003419691563637e-01   8.5637358117948514e-01
   3.4700227811673051e-01  -4.0302187233766046e-01   8.4685464478813932e-01
   4.9164268952643764e-01  -2.8662128257197744e-01   8.2227471456442436e-01
   5.2968974213018172e-01  -1.2590922866084828e-01   8.3879416022054654e-01
   6.5546985750435016e-01   1.4238945576838904e-01   7.4167682233517918e-01
   6.4512405749114954e-01   3.0710961148541799e-01   6.9964179190456566e-01
   5.2803035283341648e-01   4.9298531458153089e-01   6.9148349661692332e-01
   3.2308312362335606e-01   5.2205223592458316e-01   7.8935337979634856e-01
   1.3733653495478604e-01   5.8788358420789144e-01   7.9720233792023965e-01
  -5.0879892348796439e-02   6.2555583163925610e-01   7.7851855344409959e-01
  -1.9175865516285290e-01   6.6907284271303002e-01   7.1803213668612287e-01
  -3.4881603806878109e-01   5.8221346753026570e-01   7.3440782254302206e-01
  -4.8649532142067675e-01   4.4574017190762666e-01   7.5142398243837816e-01
  -6.0293355654779346e-01   3.0704441858602372e-01   7.3633881563027725e-01
  -6.8162392731230137e-01   1.1733358238366684e-01   7.2223379328328985e-01
  -6.8194905096535086e-01  -6.4781184132493466e-02   7.2852514717739802e-01
  -6.4616971797412304e-01  -2.9686200580541722e-01   7.0309149126015358e-01
  -5.4408613640031456e-01  -4.9749816967508820e-01   6.7562256278703092e-01
  -3.7380730136936940e-01  -5.8461886832021737e-01   7.2006171974834055e-01
  -2.1257736714514588e-01  -6.6746676669117955e-01   7.1365186074195897e-01
  -2.8571752619615420e-02  -6.8376561475614306e-01   7.2914212539764656e-01
   1.7051579477983336e-01  -6.3337300211409175e-01   7.5482647272309178e-01
   3.4895381801101033e-01  -5.8062200424268917e-01   7.3560133298189534e-01
   4.8388725051934811e-01  -4.8884545216329267e-01   7.2586724177640882e-01
   6.0867627754246523e-01  -3.5906240211932094e-01   7.0752200004052945e-01
   6.7677671748984469e-01  -1.8344403712273932e-01   7.1296673127698040e-01
   6.9696769752301757e-01  -2.4751232278001051e-02   7.1667524382399583e-01
   8.0397660257456927e-01   7.7174694060427776e-02   5.8963182504791278e-01
   7.7934936204343541e-01   2.4109592570251595e-01   5.7834879311029685e-01
   6.8448601489923089e-01   4.3222204802736841e-01   5.8708005979286781e-01
   5.7606984838993847e-01   6.0095460956574154e-01   5.5407317839585102e-01
   3.9173041043197260e-01   6.3025859358647707e-01   6.7031439694608552e-01
   2.1912527925261208e-01   6.9748810037490505e-01   6.8227154552118852e-01
   4.6490715029519382e-02   7.4483359990492248e-01   6.6562866665184861e-01
  -7.8547057795943301e-02   8.0779010885111668e-01   5.8421357375013272e-01
  -2.6608160963786298e-01   7.6253373861271112e-01   5.8969727359878932e-01
  -4.4147140619483999e-01   6.5969580690767271e-01   6.0819769800681178e-01
  -5.7129527723518558e-01   5.3622194376823296e-01   6.2135958448404938e-01
  -6.8832188134081862e-01   4.0822481328870242e-01   5.9963779857747468e-01
  -7.5661646928655280e-01   2.4189929361752527e-01   6.0746707742205519e-01
  -8.0404559469229564e-01   4.6022837659332579e-02   5.9278375489692303e-01
  -7.6930668180666117e-01  -1.6056312371140358e-01   6.1837424965118082e-01
  -7.4182870386054955e-01  -3.5016884468185755e-01   5.7190204960530622e-01
  -6.5490187915080467e-01  -5.0544803205853683e-01   5.6180585220598867e-01
  -5.6770557926781329e-01  -6.6853687328171607e-01   4.8038403838065147e-01
  -4.4703723314145022e-01  -6.7004688473426288e-01   5.9261697954340298e-01
  -2.6147618476068124e-01  -7.6777031795319461e-01   5.8494353887623096e-01
  -5.9929737155048637e-02  -7.9805644232299655e-01   5.9959514797176983e-01
   1.3558036141739399e-01  -7.6018973312910820e-01   6.3539714765099808e-01
   3.2550817244578695e-01  -7.1584985489966779e-01   6.1774057249878656e-01
   4.8579092820142428e-01  -6.6661069918174098e-01   5.6536479357458136e-01
   5.9551371901471417e-01  -5.5264758196785324e-01   5.8304721988047326e-01
   7.1241405982320993e-01  -4.1349822939771136e-01   5.6699684448078691e-01
   7.7704190344130020e-01  -2.4486262261417879e-01   5.7986910276615655e-01
   8.3442424968604001e-01  -7.8545063441797749e-02   5.4549687858393203e-01
   8.9471465599238331e-01   1.6476955080657718e-01   4.1513453178389043e-01
   8.3303732564703681e-01   3.3874779953532902e-01   4.3737711690119918e-01
   7.4824522551124095e-01   4.9721084934950943e-01   4.3921572579857798e-01
   6.3924898570567856e-01   6.5350465522727041e-01   4.0532998886160365e-01
   4.3805242952812012e-01   7.2852660985341333e-01   5.2664888466605897e-01
   2.7084075264252366e-01   7.9872161686458332e-01   5.3729792988737368e-01
   1.1598237103906432e-01   8.5295926924191645e-01   5.0892885025556656e-01
  -1.9488368182329090e-03   9.1615099642495124e-01   4.0082858404138905e-01
  -1.7509856977863777e-01   8.7711651460856177e-01   4.4722154539154746e-01
  -3.8761546577414047e-01   7.9324401905368114e-01   4.6959362956524353e-01
  -5.6154544960640884e-01   6.8578019538005119e-01   4.6300348989055695e-01
  -6.8634163986863306e-01   5.6968926490851401e-01   4.5209434284276628e-01
  -7.8809297314292559e-01   4.3293562003468011e-01   4.3757995222351198e-01
  -8.4832292435500378e-01   2.5919942771196824e-01   4.6169673237696041e-01
  -8.8691708588005547e-01   6.6049852414086618e-02   4.5718212975805145e-01
  -8.6683741737835596e-01  -1.3307198634960302e-01   4.8050467040580658e-01
  -8.5648375202062932e-01  -2.9673598987905309e-01   4.2235451321746709e-01
  -7.9524764832692996e-01  -4.5390023700234472e-01   4.0193998641551282e-01
  -6.9752271606226046e-01  -6.0198093190674484e-01   3.8869141770537480e-01
  -5.1600920153992280e-01  -7.8992479286096251e-01   3.3129039459316778e-01
  -3.8690093353917254e-01  -8.0072575210930275e-01   4.5732476155955970e-01
  -1.8933652471115461e-01  -8.7156033004329081e-01   4.5225465338140231e-01
   4.6299933428630329e-03  -8.8495310629007606e-01   4.6565713011741855e-01
   1.8560673383494139e-01  -8.4791276441411656e-01   4.9658240433863143e-01
   3.6312042485582180e-01  -8.1069143416058842e-01   4.5926349259567290e-01
   5.0796172840493148e-01  -7.7282474425143122e-01   3.8041660997988069e-01
   6.3319443014843613e-01  -6.5870360901567671e-01   4.0641649707992883e-01
   7.4134103794690231e-01  -5.2654069597356112e-01   4.1613502729220919e-01
   8.3465715742024293e-01  -3.6399178913879338e-01   4.1334901355476805e-01
   8.8975387978626241e-01  -1.9971913991333509e-01   4.1042697104061138e-01
   9.2054881291506663e-01   5.9213177656755010e-03   3.9058266863313273e-01
   9.6590991509126689e-01   1.3146319463750972e-01   2.2301449366371204e-01
   9.1809079189690990e-01   2.9785259525184071e-01   2.6152080096208036e-01
   8.4004873905368538e-01   4.6935758825744023e-01   2.7206905439515255e-01
   7.3714044213788521e-01   6.2369439818312700e-01   2.6005627514011298e-01
   5.9714073222247810e-01   7.6865747289636199e-01   2.2932212122117934e-01
   4.9653403528376489e-01   7.8474983074787041e-01   3.7097392758253195e-01
   3.2620687639016016e-01   8.6903422496555560e-01   3.7197928656618884e-01
   1.7512259890506107e-01   9.3025066567013359e-01   3.2243724098343607e-01
   2.1248168785225022e-02   9.7743234842820070e-01   2.1017735265581525e-01
  -1.4248737591405852e-01   9.5667170196699447e-01   2.5392243374837870e-01
  -3.0479681744971482e-01   8.9422542878279931e-01   3.2781058950367059e-01
  -4.9565943047447303e-01   8.0644380630598700e-01   3.2244397381937945e-01
  -6.5464452278685226e-01   6.9994943674192633e-01   2.8550189980074470e-01
  -7.7334611719270518e-01   5.7710740961475493e-01   2.6245536914057277e-01
  -8.6410935909057451e-01   4.2361949772599256e-01   2.7177479036594676e-01
  -9.1918924387148249e-01   2.4421170443208451e-01   3.0895271057129170e-01
  -9.5494570477445928e-01   5.4843088519144288e-02   2.9166922459267541e-01
  -9.4333193262029980e-01  -1.1326789942985296e-01   3.1192186178207976e-01
  -9.3195912224969202e-01  -2.7205903686703820e-01   2.3965824608087902e-01
  -8.7049845294671813e-01  -4.3626562138185770e-01   2.2782614208574031e-01
  -7.7438341574504521e-01  -5.9315885313520311e-01   2.2021103597768929e-01
  -6.3400104612703712e-01  -7.3334373154630750e-01   2.4545803085570420e-01
  -4.3111297126033221e-01  -8.8787980527969346e-01   1.6065820049901475e-01
  -3.3581605025897432e-01  -8.9259513284806791e-01   3.0083468750196035e-01
  -1.5649032883875796e-01  -9.4284402203829243e-01   2.9420388693318333e-01
   3.0731618073452729e-02  -9.5196369673978321e-01   3.0466487775933981e-01
   2.1107397295811597e-01  -9.1949557178455810e-01   3.3162580027534827e-01
   3.6597613815221652e-01  -8.9051589589488200e-01   2.7026451017794678e-01
   5.0776868129263775e-01  -8.4134953584773686e-01   1.8520778824642728e-01
   6.4397586735098034e-01  -7.3163288571168650e-01   2.2362558622559880e-01
   7.7010025622028988e-01  -5.9021897705191784e-01   2.4204783514262562e-01
   8.6680082461803254e-01  -4.3258056065442502e-01   2.4805319789392374e-01
   9.3694069115828404e-01  -2.6165093604513517e-01   2.3169145197555641e-01
   9.6412739381134271e-01  -8.7748839649989571e-02   2.5051648577015534e-01
   9.7656312640244347e-01   2.0753059396165144e-01   5.7057100531043209e-02
   9.1145405931806089e-01   3.9704537896293257e-01   1.0773330402809531e-01
   8.0974352984748965e-01   5.7820563131326963e-01   9.9968313918715676e-02
   6.7711938134301131e-01   7.3103439775406920e-01   8.4249941899106687e-02
   5.0391793797783568e-01   8.6056886457379411e-01   7.4080639240877336e-02
   4.1077352407813217e-01   8.8687698323433040e-01   2.1145762820386887e-01
   2.3822298456358912e-01   9.5863922366979570e-01   1.5575830143972236e-01
   9.8581701242858352e-02   9.9403327556919152e-01   4.6685064434437540e-02
  -9.2169571889247903e-02   9.9532316324162751e-01   2.8923532502677395e-02
  -2.4031067908991574e-01   9.6575376936416513e-01   9.7828597425551070e-02
  -3.9289162351671847e-01   9.0318852475279510e-01   1.7287758942461776e-01
  -5.6283517757815626e-01   8.1288412867081150e-01   1.4978636865770131e-01
  -7.1511785357139346e-01   6.9218281786538760e-01   9.7413562481692959e-02
  -8.3501416288512686e-01   5.4389002105545403e-01   8.3276604022670481e-02
  -9.2084483135871142e-01   3.7383369146015744e-01   1.1087455834959625e-01
  -9.6949418335938375e-01   2.0105179849374252e-01   1.4021127898551208e-01
  -9.9413720102786629e-01   1.8082339229204485e-02   1.0660325764478125e-01
  -9.8385987392600005e-01  -1.4443275849121334e-01   1.0563582135305251e-01
  -9.3346053736946166e-01  -3.5374074585404919e-01   5.9320400340330100e-02
  -8.4497596276060150e-01  -5.3226552332318167e-01   5.2048391313219866e-02
  -7.1439475100885608e-01  -6.9590256728262778e-01   7.3210358423125108e-02
  -5.6172966648810507e-01  -8.2311243857021943e-01   8.3340837877651786e-02
  -2.3809573529861422e-01  -9.6393767637560701e-01   1.1888892671820930e-01
  -5.4680346520646510e-02  -9.9037643669845810e-01   1.2713997536906690e-01
   1.3947221604895652e-01  -9.7887078940974193e-01   1.4953086166655286e-01
   2.9911383185213664e-01  -9.4877231442797805e-01   1.0179396332646534e-01
   4.2784594355635081e-01  -9.0382256792477633e-01   7.2535709991086751e-03
   5.9166163543465244e-01  -8.0583764612424502e-01   2.3710698929564754e-02
   7.3623237406607278e-01  -6.7265946468608928e-01   7.4102199328077059e-02
   8.5873496297713547e-01  -5.0645927893738119e-01   7.7931137158941122e-02
   9.4045207108723050e-01  -3.3406305962127081e-01   6.2863138517053163e-02
   9.8578001788019320e-01  -1.6189945930581140e-01   4.5014680101182244e-02
   9.9571432281004868e-01   7.3526153296249834e-03   9.2189621968749066e-02
   3.3689396407835331e-01   9.4149203840877993e-01   9.7569759891949839e-03
  -0.0000000000000000e+00  -0.0000000000000000e+00  -1.0000000000000000e+00
  -2.0226008547152394e-01  -0.0000000000000000e+00  -9.7933184254625960e-01
  -1.3865483364979378e-01  -1.5950539634952360e-01  -9.7741130832466294e-01
   8.1406645554021620e-02  -1.3880118414781234e-01  -9.8696868711160590e-01
   2.3499050313768610e-01  -5.0326529306745034e-02  -9.7069392904408058e-01
   2.0992116108745851e-01   1.1881604950425298e-01  -9.7047197409708652e-01
   5.0553467577368609e-02   1.7312525582721566e-01  -9.8360154163699087e-01
  -1.3351112038519822e-01   1.6667375676508059e-01  -9.7693123582947428e-01
  -3.6809808865979909e-01  -9.2162914695420400e-02  -9.2520797352803186e-01
  -3.0326012236255462e-01  -2.5054005663712986e-01  -9.1938184570118209e-01
  -7.0235568781739963e-02  -3.0332564516772970e-01  -9.5029496360945009e-01
   1.1713512691786296e-01  -3.1286439777817349e-01  -9.4254720340407194e-01
   2.7463808547714902e-01  -2.5435250399971593e-01  -9.2729646053164716e-01
   3.9387868867656173e-01  -1.0049494689038072e-01  -9.1365220092545707e-01
   3.9374214605782237e-01   9.9668036872433044e-02  -9.1380162225932593e-01
   3.6945128854404302e-01   2.6480947741947009e-01  -8.9071975730976882e-01
   2.0043011214411330e-01   3.1554084176522051e-01  -9.2750296351224359e-01
   4.7122994697703993e-02   3.7500518144348660e-01  -9.2582424750125103e-01
  -1.1929572436962164e-01   3.3607252534889964e-01  -9.3425038820047623e-01
  -3.0525645897202008e-01   2.4910108670267306e-01  -9.1911214922848816e-01
  -3.6022402192971908e-01   9.5046286122929868e-02  -9.2801123781935713e-01
  -5.3126119421505613e-01  -4.0956917556700029e-02  -8.4621751011512758e-01
  -4.9514978218238376e-01  -2.2965762842971890e-01  -8.3790456909410338e-01
  -4.6522696289980109e-01  -3.7953818491557806e-01  -7.9969659195348308e-01
  -2.5911490391469660e-01  -3.9731373143209270e-01  -8.8034156177292033e-01
  -6.8835761291283479e-02  -4.6094304251505341e-01  -8.8475598303962610e-01
   1.2107618935920256e-01  -4.8105759459829017e-01  -8.6828805534198250e-01
   2.7743676340682472e-01  -4.6644068552538254e-01  -8.3991781097733409e-01
   4.0731376816424308e-01  -3.2391623879449910e-01  -8.5391671989080431e-01
   5.3328905385372694e-01  -1.7173015459391483e-01  -8.2831850096623261e-01
   5.4340182698213657e-01   2.0385041562895043e-02  -8.3922518105271071e-01
   5.5160014870529883e-01   2.0554677869792254e-01  -8.0838592127473341e-01
   4.8118931834948908e-01   3.8635584117124899e-01  -7.8688372959364883e-01
   3.1283552509248924e-01   4.5252561708748062e-01  -8.3507754138145840e-01
   1.6180316272742926e-01   5.2792584882732485e-01  -8.3373499067230572e-01
  -1.1826699633994587e-02   5.4067751574952261e-01  -8.4114680831510746e-01
  -1.9024052998607802e-01   4.8003419691563637e-01  -8.5637358117948514e-01
  -3.4700227811673051e-01   4.0302187233766046e-01  -8.4685464478813932e-01
  -4.9164268952643764e-01   2.8662128257197744e-01  -8.2227471456442436e-01
  -5.2968974213018172e-01   1.2590922866084828e-01  -8.3879416022054654e-01
  -6.5546985750435016e-01  -1.4238945576838904e-01  -7.4167682233517918e-01
  -6.4512405749114954e-01  -3.0710961148541799e-01  -6.9964179190456566e-01
  -5.2803035283341648e-01  -4.9298531458153089e-01  -6.9148349661692332e-01
  -3.2308312362335606e-01  -5.2205223592458316e-01  -7.8935337979634856e-01
  -1.3733653495478604e-01  -5.8788358420789144e-01  -7.9720233792023965e-01
   5.0879892348796439e-02  -6.2555583163925610e-01  -7.7851855344409959e-01
   1.9175865516285290e-01  -6.6907284271303002e-01  -7.1803213668612287e-01
   3.4881603806878109e-01  -5.8221346753026570e-01  -7.3440782254302206e-01
   4.8649532142067675e-01  -4.4574017190762666e-01  -7.5142398243837816e-01
   6.0293355654779346e-01  -3.0704441858602372e-01  -7.3633881563027725e-01
   6.8162392731230137e-01  -1.1733358238366684e-01  -7.2223379328328985e-01
   6.8194905096535086e-01   6.4781184132493466e-02  -7.2852514717739802e-01
   6.4616971797412304e-01   2.9686200580541722e-01  -7.0309149126015358e-01
   5.4408613640031456e-01   4.9749816967508820e-01  -6.7562256278703092e-01
   3.7380730136936940e-01   5.8461886832021737e-01  -7.2006171974834055e-01
   2.1257736714514588e-01   6.6746676669117955e-01  -7.1365186074195897e-01
   2.8571752619615420e-02   6.8376561475614306e-01  -7.2914212539764656e-01
  -1.7051579477983336e-01   6.3337300211409175e-01  -7.5482647272309178e-01
  -3.4895381801101033e-01   5.8062200424268917e-01  -7.3560133298189534e-01
  -4.8388725051934811e-01   4.8884545216329267e-01  -7.2586724177640882e-01
  -6.0867627754246523e-01   3.5906240211932094e-01  -7.0752200004052945e-01
  -6.7677671748984469e-01   1.8344403712273932e-01  -7.1296673127698040e-01
  -6.9696769752301757e-01   2.4751232278001051e-02  -7.1667524382399583e-01
  -8.0397660257456927e-01  -7.7174694060427776e-02  -5.8963182504791278e-01
  -7.7934936204343541e-01  -2.4109592570251595e-01  -5.7834879311029685e-01
  -6.8448601489923089e-01  -4.3222204802736841e-01  -5.8708005979286781e-01
  -5.7606984838993847e-01  -6.0095460956574154e-01  -5.5407317839585102e-01
  -3.9173041043197260e-01  -6.3025859358647707e-01  -6.7031439694608552e-01
  -2.1912527925261208e-01  -6.9748810037490505e-01  -6.8227154552118852e-01
  -4.6490715029519382e-02  -7.4483359990492248e-01  -6.6562866665184861e-01
   7.8547057795943301e-02  -8.0779010885111668e-01  -5.8421357375013272e-01
   2.6608160963786298e-01  -7.6253373861271112e-01  -5.8969727359878932e-01
   4.4147140619483999e-01  -6.5969580690767271e-01  -6.0819769800681178e-01
   5.7129527723518558e-01  -5.3622194376823296e-01  -6.2135958448404938e-01
   6.8832188134081862e-01  -4.0822481328870242e-01  -5.9963779857747468e-01
   7.5661646928655280e-01  -2.4189929361752527e-01  -6.0746707742205519e-01
   8.0404559469229564e-01  -4.6022837659332579e-02  -5.9278375489692303e-01
   7.6930668180666117e-01   1.6056312371140358e-01  -6.1837424965118082e-01
   7.4182870386054955e-01   3.5016884468185755e-01  -5.7190204960530622e-01
   6.5490187915080467e-01   5.0544803205853683e-01  -5.6180585220598867e-01
   5.6770557926781329e-01   6.6853687328171607e-01  -4.8038403838065147e-01
   4.4703723314145022e-01   6.7004688473426288e-01  -5.9261697954340298e-01
   2.6147618476068124e-01   7.6777031795319461e-01  -5.8494353887623096e-01
   5.9929737155048637e-02   7.9805644232299655e-01  -5.9959514797176983e-01
  -1.3558036141739399e-01   7.6018973312910820e-01  -6.3539714765099808e-01
  -3.2550817244578695e-01   7.1584985489966779e-01  -6.1774057249878656e-01
  -4.8579092820142428e-01   6.6661069918174098e-01  -5.6536479357458136e-01
  -5.9551371901471417e-01   5.5264758196785324e-01  -5.8304721988047326e-01
  -7.1241405982320993e-01   4.1349822939771136e-01  -5.6699684448078691e-01
  -7.7704190344130020e-01   2.4486262261417879e-01  -5.7986910276615655e-01
  -8.3442424968604001e-01   7.8545063441797749e-02  -5.4549687858393203e-01
  -8.9471465599238331e-01  -1.6476955080657718e-01  -4.1513453178389043e-01
  -8.3303732564703681e-01  -3.3874779953532902e-01  -4.3737711690119918e-01
  -7.4824522551124095e-01  -4.9721084934950943e-01  -4.3921572579857798e-01
  -6.3924898570567856e-01  -6.5350465522727041e-01  -4.0532998886160365e-01
  -4.3805242952812012e-01  -7.2852660985341333e-01  -5.2664888466605897e-01
  -2.7084075264252366e-01  -7.9872161686458332e-01  -5.3729792988737368e-01
  -1.1598237103906432e-01  -8.5295926924191645e-01  -5.0892885025556656e-01
   1.9488368182329090e-03  -9.1615099642495124e-01  -4.0082858404138905e-01
   1.7509856977863777e-01  -8.7711651460856177e-01  -4.4722154539154746e-01
   3.8761546577414047e-01  -7.9324401905368114e-01  -4.6959362956524353e-01
   5.6154544960640884e-01  -6.8578019538005119e-01  -4.6300348989055695e-01
   6.8634163986863306e-01  -5.6968926490851401e-01  -4.5209434284276628e-01
   7.8809297314292559e-01  -4.3293562003468011e-01  -4.3757995222351198e-01
   8.4832292435500378e-01  -2.5919942771196824e-01  -4.6169673237696041e-01
   8.8691708588005547e-01  -6.6049852414086618e-02  -4.5718212975805145e-01
   8.6683741737835596e-01   1.3307198634960302e-01  -4.8050467040580658e-01
   8.5648375202062932e-01   2.9673598987905309e-01  -4.2235451321746709e-01
   7.9524764832692996e-01   4.5390023700234472e-01  -4.0193998641551282e-01
   6.9752271606226046e-01   6.0198093190674484e-01  -3.8869141770537480e-01
   5.1600920153992280e-01   7.8992479286096251e-01  -3.3129039459316778e-01
   3.8690093353917254e-01   8.0072575210930275e-01  -4.5732476155955970e-01
   1.8933652471115461e-01   8.7156033004329081e-01  -4.5225465338140231e-01
  -4.6299933428630329e-03   8.8495310629007606e-01  -4.6565713011741855e-01
  -1.8560673383494139e-01   8.4791276441411656e-01  -4.9658240433863143e-01
  -3.6312042485582180e-01   8.1069143416058842e-01  -4.5926349259567290e-01
  -5.0796172840493148e-01   7.7282474425143122e-01  -3.8041660997988069e-01
  -6.3319443014843613e-01   6.5870360901567671e-01  -4.0641649707992883e-01
  -7.4134103794690231e-01   5.2654069597356112e-01  -4.1613502729220919e-01
  -8.3465715742024293e-01   3.6399178913879338e-01  -4.1334901355476805e-01
  -8.8975387978626241e-01   1.9971913991333509e-01  -4.1042697104061138e-01
  -9.2054881291506663e-01  -5.9213177656755010e-03  -3.9058266863313273e-01
  -9.6590991509126689e-01  -1.3146319463750972e-01  -2.2301449366371204e-01
  -9.1809079189690990e-01  -2.9785259525184071e-01  -2.6152080096208036e-01
  -8.4004873905368538e-01  -4.6935758825744023e-01  -2.7206905439515255e-01
  -7.3714044213788521e-01  -6.2369439818312700e-01  -2.6005627514011298e-01
  -5.9714073222247810e-01  -7.6865747289636199e-01  -2.2932212122117934e-01
  -4.9653403528376489e-01  -7.8474983074787041e-01  -3.7097392758253195e-01
  -3.2620687639016016e-01  -8.6903422496555560e-01  -3.7197928656618884e-01
  -1.7512259890506107e-01  -9.3025066567013359e-01  -3.2243724098343607e-01
  -2.1248168785225022e-02  -9.7743234842820070e-01  -2.1017735265581525e-01
   1.4248737591405852e-01  -9.5667170196699447e-01  -2.5392243374837870e-01
   3.0479681744971482e-01  -8.9422542878279931e-01  -3.2781058950367059e-01
   4.9565943047447303e-01  -8.0644380630598700e-01  -3.2244397381937945e-01
   6.5464452278685226e-01  -6.9994943674192633e-01  -2.8550189980074470e-01
   7.7334611719270518e-01  -5.7710740961475493e-01  -2.6245536914057277e-01
   8.6410935909057451e-01  -4.2361949772599256e-01  -2.7177479036594676e-01
   9.1918924387148249e-01  -2.4421170443208451e-01  -3.0895271057129170e-01
   9.5494570477445928e-01  -5.4843088519144288e-02  -2.9166922459267541e-01
   9.4333193262029980e-01   1.1326789942985296e-01  -3.1192186178207976e-01
   9.3195912224969202e-01   2.7205903686703820e-01  -2.3965824608087902e-01
   8.7049845294671813e-01   4.3626562138185770e-01  -2.2782614208574031e-01
   7.7438341574504521e-01   5.9315885313520311e-01  -2.2021103597768929e-01
   6.3400104612703712e-01   7.3334373154630750e-01  -2.4545803085570420e-01
   4.3111297126033221e-01   8.8787980527969346e-01  -1.6065820049901475e-01
   3.3581605025897432e-01   8.9259513284806791e-01  -3.0083468750196035e-01
   1.5649032883875796e-01   9.4284402203829243e-01  -2.9420388693318333e-01
  -3.0731618073452729e-02   9.5196369673978321e-01  -3.0466487775933981e-01
  -2.1107397295811597e-01   9.1949557178455810e-01  -3.3162580027534827e-01
  -3.6597613815221652e-01   8.9051589589488200e-01  -2.7026451017794678e-01
  -5.0776868129263775e-01   8.4134953584773686e-01  -1.8520778824642728e-01
  -6.4397586735098034e-01   7.3163288571168650e-01  -2.2362558622559880e-01
  -7.7010025622028988e-01   5.9021897705191784e-01  -2.4204783514262562e-01
  -8.6680082461803254e-01   4.3258056065442502e-01  -2.4805319789392374e-01
  -9.3694069115828404e-01   2.6165093604513517e-01  -2.3169145197555641e-01
  -9.6412739381134271e-01   8.7748839649989571e-02  -2.5051648577015534e-01
  -9.7656312640244347e-01  -2.0753059396165144e-01  -5.7057100531043209e-02
  -9.1145405931806089e-01  -3.9704537896293257e-01  -1.0773330402809531e-01
  -8.0974352984748965e-01  -5.7820563131326963e-01  -9.9968313918715676e-02
  -6.7711938134301131e-01  -7.3103439775406920e-01  -8.4249941899106687e-02
  -5.0391793797783568e-01  -8.6056886457379411e-01  -7.4080639240877336e-02
  -4.1077352407813217e-01  -8.8687698323433040e-01  -2.1145762820386887e-01
  -2.3822298456358912e-01  -9.5863922366979570e-01  -1.5575830143972236e-01
  -9.8581701242858352e-02  -9.9403327556919152e-01  -4.6685064434437540e-02
   9.2169571889247903e-02  -9.9532316324162751e-01  -2.8923532502677395e-02
   2.4031067908991574e-01  -9.6575376936416513e-01  -9.7828597425551070e-02
   3.9289162351671847e-01  -9.0318852475279510e-01  -1.7287758942461776e-01
   5.6283517757815626e-01  -8.1288412867081150e-01  -1.4978636865770131e-01
   7.1511785357139346e-01  -6.9218281786538760e-01  -9.7413562481692959e-02
   8.3501416288512686e-01  -5.4389002105545403e-01  -8.3276604022670481e-02
   9.2084483135871142e-01  -3.7383369146015744e-01  -1.1087455834959625e-01
   9.6949418335938375e-01  -2.0105179849374252e-01  -1.4021127898551208e-01
   9.9413720102786629e-01  -1.8082339229204485e-02  -1.0660325764478125e-01
   9.8385987392600005e-01   1.4443275849121334e-01  -1.0563582135305251e-01
   9.3346053736946166e-01   3.5374074585404919e-01  -5.9320400340330100e-02
   8.4497596276060150e-01   5.3226552332318167e-01  -5.2048391313219866e-02
   7.1439475100885608e-01   6.9590256728262778e-01  -7.3210358423125108e-02
   5.6172966648810507e-01   8.2311243857021943e-01  -8.3340837877651786e-02
   2.3809573529861422e-01   9.6393767637560701e-01  -1.1888892671820930e-01
   5.4680346520646510e-02   9.9037643669845810e-01  -1.2713997536906690e-01
  -1.3947221604895652e-01   9.7887078940974193e-01  -1.4953086166655286e-01
  -2.9911383185213664e-01   9.4877231442797805e-01  -1.0179396332646534e-01
  -4.2784594355635081e-01   9.0382256792477633e-01  -7.2535709991086751e-03
  -5.9166163543465244e-01   8.0583764612424502e-01  -2.3710698929564754e-02
  -7.3623237406607278e-01   6.7265946468608928e-01  -7.4102199328077059e-02
  -8.5873496297713547e-01   5.0645927893738119e-01  -7.7931137158941122e-02
  -9.4045207108723050e-01   3.3406305962127081e-01  -6.2863138517053163e-02
  -9.8578001788019320e-01   1.6189945930581140e-01  -4.5014680101182244e-02
  -9.9571432281004868e-01  -7.3526153296249834e-03  -9.2189621968749066e-02
  -3.3689396407835331e-01  -9.4149203840877993e-01  -9.7569759891949839e-03
