   0.0000000000000000e+00   0.0000000000000000e+00   1.0000000000000000e+00
   2.6267187260402364e-01   0.0000000000000000e+00   9.6488521977626729e-01
   1.0630733166874269e-01   1.4416789334404864e-01   9.8382639208460498e-01
  -1.1468015885024034e-01   1.8909940968703587e-01   9.7523836800143282e-01
  -2.3104886630103263e-01   5.1037305673743157e-02   9.7160260127820386e-01
  -1.5358786903754401e-01  -1.3218129536270407e-01   9.7925424259522298e-01
  -2.6753702747582996e-02  -2.7045851384375208e-01   9.6235982443092616e-01
   1.2530678198568973e-01  -1.4517272937839595e-01   9.8143929462459256e-01
   3.5338260200063504e-01   1.4798547157330758e-01   9.2369964642544200e-01
   2.0938287549587292e-01   2.9744539594215541e-01   9.3149613412074572e-01
   1.4730561308555294e-02   3.4377392522145706e-01   9.3893689825321436e-01
  -1.9527958818845775e-01   3.6010895961312411e-01   9.1224307048247821e-01
  -3.4965378038809058e-01   2.2759382870501940e-01   9.0881421808624185e-01
  -4.2009270892332679e-01   3.5914106765256262e-02   9.0677025361704211e-01
  -3.4299544849800517e-01  -1.5466146575400291e-01   9.2651710902739171e-01
  -2.3078832903697472e-01  -3.3500364796001508e-01   9.1351480723292244e-01
  -9.7301957986884069e-02  -4.6924967895503050e-01   8.7768847991330012e-01
   9.4244987622359805e-02  -4.1544995367898252e-01   9.0472051944022613e-01
   2.4225410353555948e-01  -2.8274448892670856e-01   9.2809940378267497e-01
   3.8578809480622034e-01  -1.2912538573075896e-01   9.1350653017133354e-01
   5.2074867464103880e-01   3.1752837369295205e-02   8.5311932059859041e-01
   5.1451436333696787e-01   2.2254235144064993e-01   8.2810015803356829e-01
   3.6771747619759892e-01   3.7113612464166845e-01   8.5266748189715325e-01
   2.2116149460006815e-01   5.0457303341263415e-01   8.3456194932373762e-01
   4.0092903941652804e-02   5.0588392588864972e-01   8.6166931741881847e-01
  -1.7975618873038152e-01   5.1975365149557062e-01   8.3519090893648285e-01
  -3.4417078795528300e-01   5.4077123397414517e-01   7.6753693150513613e-01
  -4.2096569478305174e-01   3.6440944488620552e-01   8.3065855818955481e-01
  -5.5338716578382385e-01   1.5007182362601107e-01   8.1929304433719563e-01
  -5.6366906197221722e-01  -7.3076921989721239e-02   8.2276178329323790e-01
  -4.6597916233439668e-01  -2.5335707626494086e-01   8.4774619561317688e-01
  -3.4355041100592126e-01  -4.4296147735214525e-01   8.2810521353247590e-01
  -2.8000128344339192e-01  -6.0140253674891397e-01   7.4827419443812460e-01
  -9.7997908229317185e-02  -6.2380570710800942e-01   7.7541140677846276e-01
   1.0118216258586633e-01  -5.9318672974127917e-01   7.9868120901476958e-01
   2.7596360388627683e-01  -4.8391402528555766e-01   8.3046451186190173e-01
   4.1785311215700860e-01  -3.2836660457716271e-01   8.4709748533398899e-01
   5.5949026155629811e-01  -1.4682338970862743e-01   8.1572883941793650e-01
   6.7994020225695018e-01   1.0635540130237646e-01   7.2551350777817225e-01
   6.3562873893857919e-01   3.1781209325749099e-01   7.0354216619520638e-01
   4.9822134205541141e-01   4.5004584422706234e-01   7.4110338847859514e-01
   3.5393391051342188e-01   5.9654777532245207e-01   7.2032044171084741e-01
   1.5918861771906145e-01   6.7519475747421676e-01   7.2025760910109649e-01
  -4.2435512840813483e-02   6.5284433116188911e-01   7.5630252314779622e-01
  -1.8811131871191700e-01   7.1264504318459931e-01   6.7583368826722756e-01
  -3.5836268180491171e-01   6.9457492633502016e-01   6.2381235960526848e-01
  -5.0841723723210785e-01   5.3123763445375238e-01   6.7771563994440320e-01
  -5.8530799240583142e-01   3.3538001658735100e-01   7.3819699166260722e-01
  -6.9291539592430329e-01   1.4021185641489572e-01   7.0725447288211241e-01
  -7.0208701131878393e-01  -6.9498899046388993e-02   7.0869156307155068e-01
  -6.3539795025770252e-01  -2.6907786695184205e-01   7.2378625734740032e-01
  -5.1998903612917202e-01  -4.2685127972818765e-01   7.3987119642533938e-01
  -4.6489281275668259e-01  -5.9431969432540155e-01   6.5624597033745002e-01
  -2.7744045581669041e-01  -7.4019505885546211e-01   6.1248515763419609e-01
  -9.0722378546897423e-02  -7.7885330558268073e-01   6.2061016621847642e-01
   7.8167409626603707e-02  -7.3991001475578899e-01   6.6814895505145766e-01
   2.8079468077291692e-01  -6.5165671831080707e-01   7.0462604885855951e-01
   4.4913064671159375e-01  -5.1154850341245806e-01   7.3252972010758710e-01
   5.8015661750537717e-01  -3.4028283164830797e-01   7.4001749550272711e-01
   7.1242432956022439e-01  -2.5144335051534789e-01   6.5515480318187447e-01
   7.1192756915012156e-01  -6.1879789339630030e-02   6.9952128484791798e-01
   8.3954764512270807e-01   4.5460397530107853e-02   5.4138073832130362e-01
   7.7338385398430309e-01   2.2568479051414075e-01   5.9240508921427615e-01
   7.8084018582714210e-01   3.9353088180564505e-01   4.8520310104399139e-01
   6.5893121606306060e-01   4.8255782234530781e-01   5.7701611813796883e-01
   5.1605057048163605e-01   6.1043204978403343e-01   6.0088644626255416e-01
   3.2475849601011064e-01   7.4258818446860586e-01   5.8574286812292542e-01
   8.0908182922007424e-02   7.8794699818893232e-01   6.1040428732218910e-01
  -8.8088316734294264e-02   8.3244635602796591e-01   5.4705896646584617e-01
  -2.6441520234115123e-01   8.3902358497064067e-01   4.7552499895789091e-01
  -4.6929700334414581e-01   7.3595503127327833e-01   4.8798618279184164e-01
  -6.0320159911654958e-01   5.9000007840610758e-01   5.3670079029569573e-01
  -6.8902874390184954e-01   4.0031395154241572e-01   6.0414247514765562e-01
  -7.9082831408271370e-01   2.3726686087980065e-01   5.6417640359495558e-01
  -8.2396477250334355e-01   4.8085326364109796e-02   5.6459707319642594e-01
  -8.0590306478118201e-01  -1.5844654619283571e-01   5.7045152482560657e-01
  -7.3298501592446885e-01  -3.4810762437412884e-01   5.8442625564121142e-01
  -6.3982396650026974e-01  -5.0817731583795633e-01   5.7652502769575553e-01
  -4.8019759081244340e-01  -7.0695510533821160e-01   5.1925403495222189e-01
  -3.0544258899185894e-01  -8.3473019736792031e-01   4.5818153872898781e-01
  -9.1229947038378334e-02  -8.8374151647374533e-01   4.5899676341349033e-01
   1.0638104159482840e-01  -8.6800452604302925e-01   4.8502702683254212e-01
   2.5765518485212724e-01  -7.8713492756214187e-01   5.6038594872690883e-01
   4.4452513194465221e-01  -6.7362520007693905e-01   5.9044601522145379e-01
   5.9712771369767070e-01  -5.2338805926066301e-01   6.0786794039293535e-01
   7.2552661246553884e-01  -4.2624931122196752e-01   5.4029867599974557e-01
   8.3740272062533461e-01  -3.0778345986391653e-01   4.5169240122397991e-01
   8.3784660909941355e-01  -1.3456793875267453e-01   5.2906004336036483e-01
   8.8959835098300732e-01   1.9488175640379843e-01   4.1308095447416188e-01
   8.8073965198716320e-01   3.5372124411376760e-01   3.1492689132581064e-01
   7.6275039203996786e-01   5.5022161824862570e-01   3.3980584199618924e-01
   6.4077770738411710e-01   6.4125760150105426e-01   4.2212867497561651e-01
   4.8073221225912094e-01   7.5051765477781296e-01   4.5345318387156930e-01
   2.5198369784808389e-01   8.4702198313494714e-01   4.6803629784980011e-01
   7.4973388707634717e-02   9.0248462484704028e-01   4.2414678225867852e-01
  -1.1613598196491498e-01   9.3021321183998862e-01   3.4816061553739447e-01
  -3.5216058031200237e-01   8.7624471232884205e-01   3.2890443869011360e-01
  -5.4318417091441629e-01   7.7205234443301296e-01   3.2997899012438098e-01
  -6.9775364260045647e-01   6.0264459493263278e-01   3.8724584753910196e-01
  -7.8969876438198816e-01   4.2617628167041627e-01   4.4130447366318315e-01
  -8.8926261047932431e-01   2.6322572698186814e-01   3.7406446805111604e-01
  -9.1849843535771880e-01   9.4018824444603563e-02   3.8408473660831305e-01
  -9.0584873594753490e-01  -1.0014267205313883e-01   4.1159386877881310e-01
  -8.4858267242525109e-01  -3.1798413087354410e-01   4.2283985215707331e-01
  -8.0085097821113571e-01  -4.7396380159606660e-01   3.6605467552658244e-01
  -6.7353102336917825e-01  -5.9890667483517068e-01   4.3320521164587417e-01
  -5.3488609440002399e-01  -7.6292713696365233e-01   3.6309647437276654e-01
  -3.6518593516673215e-01  -8.8182337361986818e-01   2.9837354188009602e-01
  -1.5818833540956881e-01  -9.4040213774112447e-01   3.0103200805275337e-01
   7.6267068717487660e-02  -9.4689521127497600e-01   3.1236644040895395e-01
   2.9835805232138474e-01  -8.7914180533151021e-01   3.7160753320330175e-01
   4.5147023125673758e-01  -7.8185325327313970e-01   4.2997688383818439e-01
   6.0883169657082958e-01  -6.5747328444604913e-01   4.4390634765726178e-01
   7.3877978799938082e-01  -5.6373206161931166e-01   3.6933803966831041e-01
   8.4574668081161575e-01  -4.4152637137205664e-01   2.9961144050112576e-01
   9.3045241259925082e-01  -1.8528999362039769e-01   3.1611062328303119e-01
   9.3524633165491555e-01  -9.2801743948372154e-03   3.5387593516545468e-01
   9.6528425013598884e-01   1.3690199234031120e-01   2.2245035610817759e-01
   9.5224146008365895e-01   2.7940123016837803e-01   1.2317123965495530e-01
   8.5557088264504688e-01   4.8691509162548935e-01   1.7581853803656985e-01
   7.2040143420072200e-01   6.7229380680513651e-01   1.7041951453105553e-01
   5.9222978662413683e-01   7.6680039141795642e-01   2.4755007484627845e-01
   4.2414970816181624e-01   8.5260956983079561e-01   3.0521131450061245e-01
   2.5904068588806223e-01   9.2617253426023083e-01   2.7404809767014232e-01
   6.5686209867162837e-02   9.6949630906171524e-01   2.3614027303490248e-01
  -1.6599065057904852e-01   9.6857769974143559e-01   1.8521431770771266e-01
  -3.6085966708246026e-01   9.2024914220832610e-01   1.5139952753551073e-01
  -5.3645318646628493e-01   8.3080674745646310e-01   1.4825021791208995e-01
  -6.9211346173768118e-01   6.8726946340758965e-01   2.2054396556906078e-01
  -8.3508191815331079e-01   4.8414031462784024e-01   2.6124001555168214e-01
  -9.2671787185628318e-01   3.2347528632923345e-01   1.9120074559577954e-01
  -9.7742496968368298e-01   1.4155384522130809e-01   1.5685323567562534e-01
  -9.7716276830728277e-01  -2.3945558223604689e-02   2.1113866172590803e-01
  -9.3962048606009063e-01  -2.2131791491020050e-01   2.6102054079324877e-01
  -9.0036795358703059e-01  -3.9383703746700877e-01   1.8501334025608124e-01
  -8.0156954939464720e-01  -5.6936208748960460e-01   1.8251868620155542e-01
  -6.7982895091365181e-01  -6.8980991489742194e-01   2.4898770814812377e-01
  -5.2533824275306651e-01  -8.3462447444388710e-01   1.6559504026505584e-01
  -3.6836491692062939e-01  -9.2422443328886228e-01   1.0058073818549555e-01
  -1.7999845326315364e-01  -9.7556712720942640e-01   1.2597355726984574e-01
   2.5766176094470118e-02  -9.8876463031710060e-01   1.4724336998098150e-01
   2.5491006815654843e-01  -9.4525649551268698e-01   2.0374252095107012e-01
   4.6428815608669088e-01  -8.5633669125498513e-01   2.2610612403932101e-01
   6.0981387200061199e-01  -7.5047983630924686e-01   2.5476863387957960e-01
   7.3546398978734162e-01  -6.5637635444076436e-01   1.6811543967505552e-01
   8.4502673198283917e-01  -5.2322431210499210e-01   1.1030023325750815e-01
   9.3232238393880207e-01  -3.1179034950740087e-01   1.8319866364338361e-01
   9.8842905334922282e-01  -5.6024775577404498e-02   1.4095825983836791e-01
   7.8807699133113207e-01   6.1554215058460737e-01   6.5204745339252253e-03
   5.4335385414992110e-01   8.3657342598650020e-01   7.0082038452344328e-02
   3.8580693922741616e-01   9.1763572946900573e-01   9.5381725953446572e-02
   1.9684394776731401e-01   9.7794055814709502e-01   6.9890807395015922e-02
  -8.1785641935688326e-04   9.9891107023308257e-01   4.6647667430161424e-02
  -7.0376443213352879e-01   7.1018027741529988e-01   1.8963059724094483e-02
  -8.1685312652539876e-01   5.6822715251164102e-01   9.9342200671180700e-02
  -9.1587086338604773e-01   4.0119837890417376e-01   1.4846628073694244e-02
  -9.9883855784705355e-01  -4.8020545134814616e-02   3.9449465108574071e-03
  -9.7411445592891077e-01  -2.1753622284699278e-01   6.1473722026453778e-02
  -9.0116934199467558e-01  -4.3345720776601593e-01   2.9438214233468763e-03
  -6.5770619925015117e-01  -7.5165968071920941e-01   4.9297868605211154e-02
   1.9765523319532147e-01  -9.8019169798254602e-01   1.2515749941429330e-02
   3.8849176579809663e-01  -9.2034222732685833e-01   4.5214295373415946e-02
   5.6674738021395910e-01  -8.2291486928019508e-01   4.0106420161533332e-02
   9.7859367172405176e-01  -2.0426986848813158e-01   2.5064845690331083e-02
  -0.0000000000000000e+00  -0.0000000000000000e+00  -1.0000000000000000e+00
  -2.6267187260402364e-01  -0.0000000000000000e+00  -9.6488521977626729e-01
  -1.0630733166874269e-01  -1.4416789334404864e-01  -9.8382639208460498e-01
   1.1468015885024034e-01  -1.8909940968703587e-01  -9.7523836800143282e-01
   2.3104886630103263e-01  -5.1037305673743157e-02  -9.7160260127820386e-01
   1.5358786903754401e-01   1.3218129536270407e-01  -9.7925424259522298e-01
   2.6753702747582996e-02   2.7045851384375208e-01  -9.6235982443092616e-01
  -1.2530678198568973e-01   1.4517272937839595e-01  -9.8143929462459256e-01
  -3.5338260200063504e-01  -1.4798547157330758e-01  -9.2369964642544200e-01
  -2.0938287549587292e-01  -2.9744539594215541e-01  -9.3149613412074572e-01
  -1.4730561308555294e-02  -3.4377392522145706e-01  -9.3893689825321436e-01
   1.9527958818845775e-01  -3.6010895961312411e-01  -9.1224307048247821e-01
   3.4965378038809058e-01  -2.2759382870501940e-01  -9.0881421808624185e-01
   4.2009270892332679e-01  -3.5914106765256262e-02  -9.0677025361704211e-01
   3.4299544849800517e-01   1.5466146575400291e-01  -9.2651710902739171e-01
   2.3078832903697472e-01   3.3500364796001508e-01  -9.1351480723292244e-01
   9.7301957986884069e-02   4.6924967895503050e-01  -8.7768847991330012e-01
  -9.4244987622359805e-02   4.1544995367898252e-01  -9.0472051944022613e-01
  -2.4225410353555948e-01   2.8274448892670856e-01  -9.2809940378267497e-01
  -3.8578809480622034e-01   1.2912538573075896e-01  -9.1350653017133354e-01
  -5.2074867464103880e-01  -3.1752837369295205e-02  -8.5311932059859041e-01
  -5.1451436333696787e-01  -2.2254235144064993e-01  -8.2810015803356829e-01
  -3.6771747619759892e-01  -3.7113612464166845e-01  -8.5266748189715325e-01
  -2.2116149460006815e-01  -5.0457303341263415e-01  -8.3456194932373762e-01
  -4.0092903941652804e-02  -5.0588392588864972e-01  -8.6166931741881847e-01
   1.7975618873038152e-01  -5.1975365149557062e-01  -8.3519090893648285e-01
   3.4417078795528300e-01  -5.4077123397414517e-01  -7.6753693150513613e-01
   4.2096569478305174e-01  -3.6440944488620552e-01  -8.3065855818955481e-01
   5.5338716578382385e-01  -1.5007182362601107e-01  -8.1929304433719563e-01
   5.6366906197221722e-01   7.3076921989721239e-02  -8.2276178329323790e-01
   4.6597916233439668e-01   2.5335707626494086e-01  -8.4774619561317688e-01
   3.4355041100592126e-01   4.4296147735214525e-01  -8.2810521353247590e-01
   2.8000128344339192e-01   6.0140253674891397e-01  -7.4827419443812460e-01
   9.7997908229317185e-02   6.2380570710800942e-01  -7.7541140677846276e-01
  -1.0118216258586633e-01   5.9318672974127917e-01  -7.9868120901476958e-01
  -2.7596360388627683e-01   4.8391402528555766e-01  -8.3046451186190173e-01
  -4.1785311215700860e-01   3.2836660457716271e-01  -8.4709748533398899e-01
  -5.5949026155629811e-01   1.4682338970862743e-01  -8.1572883941793650e-01
  -6.7994020225695018e-01  -1.0635540130237646e-01  -7.2551350777817225e-01
  -6.3562873893857919e-01  -3.1781209325749099e-01  -7.0354216619520638e-01
  -4.9822134205541141e-01  -4.5004584422706234e-01  -7.4110338847859514e-01
  -3.5393391051342188e-01  -5.9654777532245207e-01  -7.2032044171084741e-01
  -1.5918861771906145e-01  -6.7519475747421676e-01  -7.2025760910109649e-01
   4.2435512840813483e-02  -6.5284433116188911e-01  -7.5630252314779622e-01
   1.8811131871191700e-01  -7.1264504318459931e-01  -6.7583368826722756e-01
   3.5836268180491171e-01  -6.9457492633502016e-01  -6.2381235960526848e-01
   5.0841723723210785e-01  -5.3123763445375238e-01  -6.7771563994440320e-01
   5.8530799240583142e-01  -3.3538001658735100e-01  -7.3819699166260722e-01
   6.9291539592430329e-01  -1.4021185641489572e-01  -7.0725447288211241e-01
   7.0208701131878393e-01   6.9498899046388993e-02  -7.0869156307155068e-01
   6.3539795025770252e-01   2.6907786695184205e-01  -7.2378625734740032e-01
   5.1998903612917202e-01   4.2685127972818765e-01  -7.3987119642533938e-01
   4.6489281275668259e-01   5.9431969432540155e-01  -6.5624597033745002e-01
   2.7744045581669041e-01   7.4019505885546211e-01  -6.1248515763419609e-01
   9.0722378546897423e-02   7.7885330558268073e-01  -6.2061016621847642e-01
  -7.8167409626603707e-02   7.3991001475578899e-01  -6.6814895505145766e-01
  -2.8079468077291692e-01   6.5165671831080707e-01  -7.0462604885855951e-01
  -4.4913064671159375e-01   5.1154850341245806e-01  -7.3252972010758710e-01
  -5.8015661750537717e-01   3.4028283164830797e-01  -7.4001749550272711e-01
  -7.1242432956022439e-01   2.5144335051534789e-01  -6.5515480318187447e-01
  -7.1192756915012156e-01   6.1879789339630030e-02  -6.9952128484791798e-01
  -8.3954764512270807e-01  -4.5460397530107853e-02  -5.4138073832130362e-01
  -7.7338385398430309e-01  -2.2568479051414075e-01  -5.9240508921427615e-01
  -7.8084018582714210e-01  -3.9353088180564505e-01  -4.8520310104399139e-01
  -6.5893121606306060e-01  -4.8255782234530781e-01  -5.7701611813796883e-01
  -5.1605057048163605e-01  -6.1043204978403343e-01  -6.0088644626255416e-01
  -3.2475849601011064e-01  -7.4258818446860586e-01  -5.8574286812292542e-01
  -8.0908182922007424e-02  -7.8794699818893232e-01  -6.1040428732218910e-01
   8.8088316734294264e-02  -8.3244635602796591e-01  -5.4705896646584617e-01
   2.6441520234115123e-01  -8.3902358497064067e-01  -4.7552499895789091e-01
   4.6929700334414581e-01  -7.3595503127327833e-01  -4.8798618279184164e-01
   6.0320159911654958e-01  -5.9000007840610758e-01  -5.3670079029569573e-01
   6.8902874390184954e-01  -4.0031395154241572e-01  -6.0414247514765562e-01
   7.9082831408271370e-01  -2.3726686087980065e-01  -5.6417640359495558e-01
   8.2396477250334355e-01  -4.8085326364109796e-02  -5.6459707319642594e-01
   8.0590306478118201e-01   1.5844654619283571e-01  -5.7045152482560657e-01
   7.3298501592446885e-01   3.4810762437412884e-01  -5.8442625564121142e-01
   6.3982396650026974e-01   5.0817731583795633e-01  -5.7652502769575553e-01
   4.8019759081244340e-01   7.0695510533821160e-01  -5.1925403495222189e-01
   3.0544258899185894e-01   8.3473019736792031e-01  -4.5818153872898781e-01
   9.1229947038378334e-02   8.8374151647374533e-01  -4.5899676341349033e-01
  -1.0638104159482840e-01   8.6800452604302925e-01  -4.8502702683254212e-01
  -2.5765518485212724e-01   7.8713492756214187e-01  -5.6038594872690883e-01
  -4.4452513194465221e-01   6.7362520007693905e-01  -5.9044601522145379e-01
  -5.9712771369767070e-01   5.2338805926066301e-01  -6.0786794039293535e-01
  -7.2552661246553884e-01   4.2624931122196752e-01  -5.4029867599974557e-01
  -8.3740272062533461e-01   3.0778345986391653e-01  -4.5169240122397991e-01
  -8.3784660909941355e-01   1.3456793875267453e-01  -5.2906004336036483e-01
  -8.8959835098300732e-01  -1.9488175640379843e-01  -4.1308095447416188e-01
  -8.8073965198716320e-01  -3.5372124411376760e-01  -3.1492689132581064e-01
  -7.6275039203996786e-01  -5.5022161824862570e-01  -3.3980584199618924e-01
  -6.4077770738411710e-01  -6.4125760150105426e-01  -4.2212867497561651e-01
  -4.8073221225912094e-01  -7.5051765477781296e-01  -4.5345318387156930e-01
  -2.5198369784808389e-01  -8.4702198313494714e-01  -4.6803629784980011e-01
  -7.4973388707634717e-02  -9.0248462484704028e-01  -4.2414678225867852e-01
   1.1613598196491498e-01  -9.3021321183998862e-01  -3.4816061553739447e-01
   3.5216058031200237e-01  -8.7624471232884205e-01  -3.2890443869011360e-01
   5.4318417091441629e-01  -7.7205234443301296e-01  -3.2997899012438098e-01
   6.9775364260045647e-01  -6.0264459493263278e-01  -3.8724584753910196e-01
   7.8969876438198816e-01  -4.2617628167041627e-01  -4.4130447366318315e-01
   8.8926261047932431e-01  -2.6322572698186814e-01  -3.7406446805111604e-01
   9.1849843535771880e-01  -9.4018824444603563e-02  -3.8408473660831305e-01
   9.0584873594753490e-01   1.0014267205313883e-01  -4.1159386877881310e-01
   8.4858267242525109e-01   3.1798413087354410e-01  -4.2283985215707331e-01
   8.0085097821113571e-01   4.7396380159606660e-01  -3.6605467552658244e-01
   6.7353102336917825e-01   5.9890667483517068e-01  -4.3320521164587417e-01
   5.3488609440002399e-01   7.6292713696365233e-01  -3.6309647437276654e-01
   3.6518593516673215e-01   8.8182337361986818e-01  -2.9837354188009602e-01
   1.5818833540956881e-01   9.4040213774112447e-01  -3.0103200805275337e-01
  -7.6267068717487660e-02   9.4689521127497600e-01  -3.1236644040895395e-01
  -2.9835805232138474e-01   8.7914180533151021e-01  -3.7160753320330175e-01
  -4.5147023125673758e-01   7.8185325327313970e-01  -4.2997688383818439e-01
  -6.0883169657082958e-01   6.5747328444604913e-01  -4.4390634765726178e-01
  -7.3877978799938082e-01   5.6373206161931166e-01  -3.6933803966831041e-01
  -8.4574668081161575e-01   4.4152637137205664e-01  -2.9961144050112576e-01
  -9.3045241259925082e-01   1.8528999362039769e-01  -3.1611062328303119e-01
  -9.3524633165491555e-01   9.2801743948372154e-03  -3.5387593516545468e-01
  -9.6528425013598884e-01  -1.3690199234031120e-01  -2.2245035610817759e-01
  -9.5224146008365895e-01  -2.7940123016837803e-01  -1.2317123965495530e-01
  -8.5557088264504688e-01  -4.8691509162548935e-01  -1.7581853803656985e-01
  -7.2040143420072200e-01  -6.7229380680513651e-01  -1.7041951453105553e-01
  -5.9222978662413683e-01  -7.6680039141795642e-01  -2.4755007484627845e-01
  -4.2414970816181624e-01  -8.5260956983079561e-01  -3.0521131450061245e-01
  -2.5904068588806223e-01  -9.2617253426023083e-01  -2.7404809767014232e-01
  -6.5686209867162837e-02  -9.6949630906171524e-01  -2.3614027303490248e-01
   1.6599065057904852e-01  -9.6857769974143559e-01  -1.8521431770771266e-01
   3.6085966708246026e-01  -9.2024914220832610e-01  -1.5139952753551073e-01
   5.3645318646628493e-01  -8.3080674745646310e-01  -1.4825021791208995e-01
   6.9211346173768118e-01  -6.8726946340758965e-01  -2.2054396556906078e-01
   8.3508191815331079e-01  -4.8414031462784024e-01  -2.6124001555168214e-01
   9.2671787185628318e-01  -3.2347528632923345e-01  -1.9120074559577954e-01
   9.7742496968368298e-01  -1.4155384522130809e-01  -1.5685323567562534e-01
   9.7716276830728277e-01   2.3945558223604689e-02  -2.1113866172590803e-01
   9.3962048606009063e-01   2.2131791491020050e-01  -2.6102054079324877e-01
   9.0036795358703059e-01   3.9383703746700877e-01  -1.8501334025608124e-01
   8.0156954939464720e-01   5.6936208748960460e-01  -1.8251868620155542e-01
   6.7982895091365181e-01   6.8980991489742194e-01  -2.4898770814812377e-01
   5.2533824275306651e-01   8.3462447444388710e-01  -1.6559504026505584e-01
   3.6836491692062939e-01   9.2422443328886228e-01  -1.0058073818549555e-01
   1.7999845326315364e-01   9.7556712720942640e-01  -1.2597355726984574e-01
  -2.5766176094470118e-02   9.8876463031710060e-01  -1.4724336998098150e-01
  -2.5491006815654843e-01   9.4525649551268698e-01  -2.0374252095107012e-01
  -4.6428815608669088e-01   8.5633669125498513e-01  -2.2610612403932101e-01
  -6.0981387200061199e-01   7.5047983630924686e-01  -2.5476863387957960e-01
  -7.3546398978734162e-01   6.5637635444076436e-01  -1.6811543967505552e-01
  -8.4502673198283917e-01   5.2322431210499210e-01  -1.1030023325750815e-01
  -9.3232238393880207e-01   3.1179034950740087e-01  -1.8319866364338361e-01
  -9.8842905334922282e-01   5.6024775577404498e-02  -1.4095825983836791e-01
  -7.8807699133113207e-01  -6.1554215058460737e-01  -6.5204745339252253e-03
  -5.4335385414992110e-01  -8.3657342598650020e-01  -7.0082038452344328e-02
  -3.8580693922741616e-01  -9.1763572946900573e-01  -9.5381725953446572e-02
  -1.9684394776731401e-01  -9.7794055814709502e-01  -6.9890807395015922e-02
   8.1785641935688326e-04  -9.9891107023308257e-01  -4.6647667430161424e-02
   7.0376443213352879e-01  -7.1018027741529988e-01  -1.8963059724094483e-02
   8.1685312652539876e-01  -5.6822715251164102e-01  -9.9342200671180700e-02
   9.1587086338604773e-01  -4.0119837890417376e-01  -1.4846628073694244e-02
   9.9883855784705355e-01   4.8020545134814616e-02  -3.9449465108574071e-03
   9.7411445592891077e-01   2.1753622284699278e-01  -6.1473722026453778e-02
   9.0116934199467558e-01   4.3345720776601593e-01  -2.9438214233468763e-03
   6.5770619925015117e-01   7.5165968071920941e-01  -4.9297868605211154e-02
  -1.9765523319532147e-01   9.8019169798254602e-01  -1.2515749941429330e-02
  -3.8849176579809663e-01   9.2034222732685833e-01  -4.5214295373415946e-02
  -5.6674738021395910e-01   8.2291486928019508e-01  -4.0106420161533332e-02
  -9.7859367172405176e-01   2.0426986848813158e-01  -2.5064845690331083e-02
