   0.0000000000000000e+00   0.0000000000000000e+00   1.0000000000000000e+00
   1.2667690652410737e-01   0.0000000000000000e+00   9.9194403136138809e-01
   9.8433645427659713e-02   1.1769791178513619e-01   9.8815890372411264e-01
  -2.0143247713598524e-02   1.5545045646714126e-01   9.8763829672391001e-01
  -1.0326911630114202e-01   6.9026630418828477e-02   9.9225541767803094e-01
  -1.2631270616332665e-01  -7.7428998974361660e-02   9.8896402886026413e-01
  -6.1731959463250654e-03  -1.2578408926626675e-01   9.9203843400307035e-01
   1.1381268158066779e-01  -1.3455179491160082e-01   9.8434876339511090e-01
   2.4889157541577264e-01   5.2476417532919047e-02   9.6710868535545969e-01
   2.1635264466571807e-01   1.7656009586018162e-01   9.6021771786194043e-01
   1.1108396304662717e-01   2.4899295066992019e-01   9.6211374778169667e-01
  -1.6030362226402767e-02   2.7852135560794539e-01   9.6029624697652693e-01
  -1.4118921523640854e-01   2.2821927236051251e-01   9.6331800005198975e-01
  -2.2014767001249108e-01   1.4830808373578280e-01   9.6412640026434882e-01
  -2.1970108765114449e-01   1.5300013244493791e-02   9.7544725212572225e-01
  -2.4328876403910288e-01  -1.2434773999130318e-01   9.6195021537051539e-01
  -1.2892339141225037e-01  -2.1019142790654152e-01   9.6912244983870477e-01
  -2.9793405381289505e-02  -2.6521081870177460e-01   9.6373003203144014e-01
   9.3616298284661115e-02  -2.5617150110060039e-01   9.6208739245421071e-01
   2.3183685678284738e-01  -2.0029432939960251e-01   9.5191063312025936e-01
   2.3989824605829513e-01  -7.5385740671935028e-02   9.6786663422265851e-01
   3.6922908218377731e-01  -1.0043945249714439e-02   9.2928413525333908e-01
   3.4881334245921647e-01   1.2514353401254691e-01   9.2879941215381912e-01
   3.0959303117153797e-01   2.5508632068891790e-01   9.1601480558308102e-01
   2.1093467941433194e-01   3.3128704278945431e-01   9.1964963779702069e-01
   8.6942773381744165e-02   3.7588042689053630e-01   9.2258054327916483e-01
  -4.7288180686595148e-02   3.9153112270665730e-01   9.1894896915955915e-01
  -1.7035046179175559e-01   3.3907057641282767e-01   9.2520909224802172e-01
  -2.8870459367369949e-01   2.8541214130981796e-01   9.1388706478680859e-01
  -3.3766346571038663e-01   1.7575379996768481e-01   9.2471292070640476e-01
  -3.3542897751873541e-01   4.2062630710735474e-02   9.4112599376408046e-01
  -3.5436483821950726e-01  -7.9738189066682494e-02   9.3170133768178542e-01
  -2.8385782682030514e-01  -2.3507521099100276e-01   9.2960442088578155e-01
  -2.0168908962449217e-01  -3.1504861069034906e-01   9.2739737115678977e-01
  -9.5146035003773805e-02  -3.7944251780721483e-01   9.2031006063347043e-01
   3.1586859824095703e-02  -3.8676483646586174e-01   9.2163725595268131e-01
   1.6651289762116950e-01  -3.4203440225101195e-01   9.2481669675811695e-01
   2.9589290127223239e-01  -2.8173066329401664e-01   9.1272954610695844e-01
   3.5949581720685647e-01  -1.2887490639321972e-01   9.2420453142846759e-01
   4.7636152986057151e-01   1.4101136516171481e-02   8.7913642332566799e-01
   4.5674202831397931e-01   1.4374381671830735e-01   8.7790912669073318e-01
   4.2726373051327177e-01   2.6273251319451590e-01   8.6511116690190504e-01
   3.4838621035197337e-01   3.7345811681685714e-01   8.5974187022628912e-01
   2.3113268955714381e-01   4.4078629070098829e-01   8.6734371834247170e-01
   1.0070180930431268e-01   4.8287123965406048e-01   8.6988189515461734e-01
  -2.6196971357225797e-02   5.0220566202007910e-01   8.6435131267713283e-01
  -1.6026855568448425e-01   4.6030909910982770e-01   8.7317210407542689e-01
  -2.8566100483686596e-01   4.0577244062487444e-01   8.6818576165756411e-01
  -4.0370665509731357e-01   3.1183921198352604e-01   8.6010304179187291e-01
  -4.5249203207484412e-01   1.8278970046894305e-01   8.7283382514156282e-01
  -4.4746567139572690e-01   5.8739395553124372e-02   8.9236996606364172e-01
  -4.7875291302777523e-01  -6.9224983633524681e-02   8.7521628750175673e-01
  -4.1165378138013997e-01  -1.8409167260571255e-01   8.9255331513174219e-01
  -3.9098454032138952e-01  -3.0063368698892878e-01   8.6991406212172162e-01
  -3.1148470361683811e-01  -3.8871490198922160e-01   8.6710899221738003e-01
  -2.0544736242717901e-01  -4.4732987672144325e-01   8.7045238965959171e-01
  -7.1073240059898388e-02  -4.9374541494410540e-01   8.6669721343100048e-01
   7.8655795892223254e-02  -4.7731008910416406e-01   8.7520760086503813e-01
   2.1906492106879158e-01  -4.2782160261995517e-01   8.7691461197132370e-01
   3.5283678379829525e-01  -3.6556589862650996e-01   8.6131746630395656e-01
   4.7235227790771694e-01  -2.9697311758457040e-01   8.2987366085898384e-01
   4.2108876154688463e-01  -2.1215263719587824e-01   8.8185912334666294e-01
   5.0104671109680488e-01  -1.0161179651327908e-01   8.5943425351123803e-01
   5.9756202033192718e-01  -6.2237145181895147e-03   8.0179853905730059e-01
   5.6976276447415064e-01   1.0933453144858676e-01   8.1450374612502030e-01
   5.5768907740296503e-01   2.2851488350210902e-01   7.9797483729967777e-01
   5.0404339608394311e-01   3.3803613910886099e-01   7.9477784538859664e-01
   4.2120061889053162e-01   4.3710316749505423e-01   7.9468915911318661e-01
   3.0335797861949282e-01   5.1357170319362078e-01   8.0263194708826469e-01
   1.7182935486538597e-01   5.6436040078240146e-01   8.0744783784172236e-01
   4.3338455836775328e-02   6.0233958373092400e-01   7.9706260991000011e-01
  -8.9881981483539666e-02   5.9111233778738570e-01   8.0156561398311266e-01
  -2.0971652288694631e-01   5.4742676577412186e-01   8.1014993435924787e-01
  -3.3343539932990518e-01   4.9065523124215643e-01   8.0503309157351577e-01
  -4.3565345981015047e-01   4.0798937679149494e-01   8.0234078257354791e-01
  -5.2044280004067389e-01   2.8052038124264961e-01   8.0650332150171677e-01
  -5.6254682967390546e-01   1.4877287515188761e-01   8.1326975601142260e-01
  -5.5784203020281986e-01   2.1138575693159946e-02   8.2967790735734359e-01
  -5.5504936587632936e-01  -1.4788036916965208e-01   8.1856679498653750e-01
  -5.1384022672586771e-01  -2.5585287715337723e-01   8.1884523974353518e-01
  -4.9909240012145678e-01  -3.7018749669479745e-01   7.8349728361484627e-01
  -4.0640119798359053e-01  -4.4159118663383695e-01   7.9989704972878994e-01
  -2.9421410496928141e-01  -5.2590697670911146e-01   7.9803503199158288e-01
  -1.7446667952077993e-01  -5.6392731491961368e-01   8.0718483708785582e-01
  -2.9331032652114664e-02  -5.8392490766204863e-01   8.1127762987489582e-01
   1.0667660648993985e-01  -5.6775734445789550e-01   8.1625467805208263e-01
   2.3818452596358367e-01  -5.1954341956799965e-01   8.2057465642992677e-01
   3.6990015167260182e-01  -4.5891940549420424e-01   8.0781610348731736e-01
   4.9755586173470545e-01  -3.9571992517971877e-01   7.7190925973795155e-01
   5.8695191537770952e-01  -2.7177165133395925e-01   7.6264514590053678e-01
   5.6940038325072240e-01  -1.6664471950472598e-01   8.0499238568766707e-01
   6.8668848996418674e-01   7.1420602775719030e-02   7.2343487284610353e-01
   6.6515294581562112e-01   1.8581253769228145e-01   7.2321868028221992e-01
   6.3500390619299218e-01   3.0839110837372480e-01   7.0828310963601770e-01
   5.6922869739727977e-01   4.1260467690180302e-01   7.1115122910542372e-01
   4.8977261670947597e-01   5.0573631689503284e-01   7.1017854212514742e-01
   3.8465367922979216e-01   5.7074218498436990e-01   7.2546185656742246e-01
   2.6003640394518696e-01   6.2789259332098346e-01   7.3357478137944843e-01
   1.3360205689847782e-01   6.7289271297107167e-01   7.2757534814129510e-01
  -5.4049387457259998e-03   6.9408783503166771e-01   7.1987003264353722e-01
  -1.2884131047899228e-01   6.8338173646074041e-01   7.1860233716984179e-01
  -2.4515113634190092e-01   6.3726144165599985e-01   7.3061534019536667e-01
  -3.5802673407080421e-01   5.8527773598865340e-01   7.2750727106097712e-01
  -4.6320994753158701e-01   5.1688251954627440e-01   7.1990902584651606e-01
  -5.4197174290570671e-01   4.1838186506018138e-01   7.2885063276402162e-01
  -6.0518103173118787e-01   3.1337529161265498e-01   7.3181407846491897e-01
  -6.4781985534178410e-01   1.8111032179041411e-01   7.3995167839928755e-01
  -6.5733953755774566e-01   3.8625574114635797e-02   7.5260401100956398e-01
  -6.4182047521087149e-01  -8.0671299785315273e-02   7.6259990754722684e-01
  -6.5462858365924004e-01  -2.0588114981475875e-01   7.2737498555232860e-01
  -6.1029291334841818e-01  -3.1054514053329951e-01   7.2876901389113224e-01
  -5.9053320474967208e-01  -4.3356233819463630e-01   6.8065720666667573e-01
  -4.9740232024585768e-01  -4.9783445523182268e-01   7.1045885665397368e-01
  -3.8349484512640136e-01  -5.6532827353692083e-01   7.3029832733016842e-01
  -2.6031471263103551e-01  -6.4486314496507646e-01   7.1860126263009882e-01
  -1.3862800096496936e-01  -6.6413411737789763e-01   7.3464831823338261e-01
  -1.2367238062686756e-02  -6.7915138724168023e-01   7.3389402820189376e-01
   1.1024403463733579e-01  -6.6651915205202872e-01   7.3729130794735853e-01
   2.2782555115275493e-01  -6.2648881314645122e-01   7.4539069302231997e-01
   3.4388242377366629e-01  -5.7249831012626917e-01   7.4430542354742701e-01
   4.6052375678221719e-01  -5.1392363226832505e-01   7.2374054027346335e-01
   5.7770710060386177e-01  -4.3148497596745183e-01   6.9287460728926065e-01
   6.5321687375515725e-01  -3.2586711475840147e-01   6.8346056167168401e-01
   6.8763622762338716e-01  -1.7778939342068276e-01   7.0395124124258990e-01
   6.6776159010238023e-01  -7.5925282935121921e-02   7.4049295080720545e-01
   7.5841941735364549e-01   5.0003165455644238e-03   6.5174763844251948e-01
   7.6938736020289056e-01   1.4152946656197521e-01   6.2290649382929886e-01
   7.3662327493551838e-01   2.5849008179541089e-01   6.2495522114522206e-01
   6.8774795856026394e-01   3.8613758138805709e-01   6.1473613342308986e-01
   6.1663370249731286e-01   4.9371049974734110e-01   6.1319884163596239e-01
   5.4193428912191854e-01   5.8147404727239838e-01   6.0679086893474043e-01
   4.3708587733779491e-01   6.4040613378442279e-01   6.3153457517632239e-01
   3.1916558877754714e-01   6.9247737920783103e-01   6.4699954113255409e-01
   1.9798777097136849e-01   7.4138900195455570e-01   6.4120448401942487e-01
   7.2175045766615056e-02   7.6713603008237907e-01   6.3741122842167930e-01
  -4.9014409544635658e-02   7.8273565490134178e-01   6.2042121353412660e-01
  -1.7755366269941372e-01   7.5635095474999126e-01   6.2960934722318052e-01
  -3.0092472124132968e-01   7.0855415812746070e-01   6.3827526753440278e-01
  -4.1467850772923892e-01   6.5666542809851691e-01   6.2994622847322701e-01
  -5.1366767122816548e-01   5.8559013729577636e-01   6.2708030955926775e-01
  -6.0117822497261331e-01   4.8789140368996742e-01   6.3288760457462834e-01
  -6.6938269846045084e-01   3.9898334388933637e-01   6.2668899328190586e-01
  -7.0336984837945582e-01   2.7925228538815694e-01   6.5367347926633279e-01
  -7.3336987089558625e-01   1.3713696314211093e-01   6.6585440285602260e-01
  -7.5128884571601240e-01   1.5774874651247054e-02   6.5978498287884602e-01
  -7.4001620357633868e-01  -9.8685233359496527e-02   6.6530988506202482e-01
  -7.4114347867272656e-01  -2.1947021748509446e-01   6.3445974471035982e-01
  -6.8996586747981292e-01  -3.5190156229897457e-01   6.3254437960064924e-01
  -6.5375782889705114e-01  -4.8424315110101168e-01   5.8147164313281596e-01
  -5.4990785603887160e-01  -5.7088799334800688e-01   6.0966240569500241e-01
  -4.4434950748691249e-01  -6.2623268863263881e-01   6.4061387347143428e-01
  -3.2950312685364225e-01  -6.9068106935310125e-01   6.4372925196151298e-01
  -1.6733293571261523e-01  -7.4871188129617072e-01   6.4142825587258512e-01
  -4.2659601725204360e-02  -7.6604014378205953e-01   6.4137559705293479e-01
   8.0884368916146129e-02  -7.6531582963246148e-01   6.3855258184351116e-01
   1.9339496603276271e-01  -7.3998415200890943e-01   6.4422188870671093e-01
   3.0247793679828205e-01  -6.9282500205303099e-01   6.5459958316551980e-01
   4.1198690263673338e-01  -6.3881462712742432e-01   6.4975584970344102e-01
   5.2024141223805587e-01  -5.7488859986796248e-01   6.3154728305520158e-01
   6.1518556869737839e-01  -5.0948904431646846e-01   6.0163745710184546e-01
   6.9631866952471144e-01  -4.0177778001115044e-01   5.9473937650087305e-01
   7.4405656553164157e-01  -2.4453314705990883e-01   6.2175828685931878e-01
   7.7844675039630884e-01  -9.6957054692008424e-02   6.2017738296625879e-01
   8.3635414973856748e-01   7.6311961456900904e-02   5.4285193262406117e-01
   8.3160230568399818e-01   2.1011656608426776e-01   5.1409010283997270e-01
   7.8443792479596930e-01   3.2735121237587350e-01   5.2678109865278844e-01
   7.2361886940033415e-01   4.5715836685915529e-01   5.1708989494908153e-01
   6.6021042511644468e-01   5.6393151476493086e-01   4.9608813856258843e-01
   5.8232003676349953e-01   6.4743778671984775e-01   4.9165809981232023e-01
   4.7303673458483531e-01   7.0427088044456354e-01   5.2937583500869712e-01
   3.5205861816022904e-01   7.5828845336168604e-01   5.4868328831617608e-01
   2.3165484293145583e-01   8.0845144555350912e-01   5.4105664576719137e-01
   1.1664745606928871e-01   8.3977439080096283e-01   5.3025686562970131e-01
   3.0075925345458276e-03   8.5497442213860997e-01   5.1866144244188450e-01
  -1.3921299761070360e-01   8.3478309779784288e-01   5.3268839008117996e-01
  -2.8675560477681483e-01   7.8777471744329386e-01   5.4514421732805862e-01
  -4.1997471761758748e-01   7.3560886605073206e-01   5.3150807402106681e-01
  -5.2649883650919715e-01   6.7697995094250396e-01   5.1429283601499498e-01
  -6.1101691435763650e-01   5.8416629456158031e-01   5.3423596908769222e-01
  -7.0055702993555902e-01   4.9635681922083902e-01   5.1268875140853221e-01
  -7.5592137407509796e-01   3.8676101576898136e-01   5.2820336320186523e-01
  -7.8069072045986143e-01   2.5975790639931962e-01   5.6837296650254643e-01
  -8.1306496950102380e-01   1.3846288701283857e-01   5.6546740338446488e-01
  -8.3890397093200697e-01   2.6869950914095053e-02   5.4361579566122287e-01
  -8.2464095839758100e-01  -8.5304831667328593e-02   5.5918724540830500e-01
  -8.1738144406055913e-01  -2.0938095767205159e-01   5.3670027899173811e-01
  -7.6323541317795784e-01  -3.3851940435187200e-01   5.5034199998575950e-01
  -7.2543129262656336e-01  -4.7148064105521015e-01   5.0145333261263869e-01
  -6.1519112324106284e-01  -6.0124067542280069e-01   5.0995051926881474e-01
  -4.9840904003056824e-01  -6.8640284556375908e-01   5.2956544677478889e-01
  -3.9360531106162228e-01  -7.4113642376751776e-01   5.4386731880963202e-01
  -2.5179677637502279e-01  -7.7792048772720468e-01   5.7570660772776860e-01
  -1.0475695207912342e-01  -8.3474410652728426e-01   5.4058140701383539e-01
   2.4429987433533411e-02  -8.4323694014981754e-01   5.3698662784167217e-01
   1.4373211371223787e-01  -8.4001837945094526e-01   5.2317320427600278e-01
   2.4974646166932266e-01  -8.0605691101228649e-01   5.3656216889842723e-01
   3.5723271511819404e-01  -7.5546248343044009e-01   5.4923694647974586e-01
   4.6684389382475994e-01  -6.9669473522150960e-01   5.4467717476792343e-01
   5.6656350155981750e-01  -6.4190220633491424e-01   5.1668883886014783e-01
   6.5980897064135424e-01  -5.6700173589492020e-01   4.9311373308126760e-01
   7.3311250405925754e-01  -4.6272308871787365e-01   4.9843093760254875e-01
   7.8231378732524004e-01  -3.1863738073759990e-01   5.3521524432467427e-01
   8.2542238632923715e-01  -1.7277610717139180e-01   5.3742562363293334e-01
   8.5512018757454811e-01  -3.0108960269613225e-02   5.1755474619981279e-01
   9.1213970348982365e-01   3.9006064128363979e-02   4.0801922537879354e-01
   8.9458907136514876e-01   1.5027117000172954e-01   4.2086692535806608e-01
   8.7345449081188564e-01   2.7672002292836673e-01   4.0062860780412812e-01
   8.1721115985676240e-01   3.8846921369387666e-01   4.2574357331335777e-01
   7.6344760844535220e-01   5.0598427364581600e-01   4.0140710504696875e-01
   7.0217507119426992e-01   6.0770667576898507e-01   3.7100237953297754e-01
   6.1147000241525851e-01   6.9665979904804265e-01   3.7519269787220599e-01
   4.9661906457846822e-01   7.5774166020321054e-01   4.2331676211755354e-01
   3.7301935748307552e-01   8.1331556114580206e-01   4.4651355739887971e-01
   2.5477142954971438e-01   8.6774471750299698e-01   4.2674421370516424e-01
   1.5025448210342607e-01   9.0198775323030533e-01   4.0477362022540092e-01
   3.2430558871222107e-02   9.1449882198771881e-01   4.0328670128628691e-01
  -9.9741225668889544e-02   8.9625310601021835e-01   4.3218289863101239e-01
  -2.4258662528857489e-01   8.5754763318382576e-01   4.5361193332177591e-01
  -3.7753271113669251e-01   8.1314044472982194e-01   4.4302558522772251e-01
  -4.9503670820962759e-01   7.6891428108305859e-01   4.0461028888487133e-01
  -6.0061603378523742e-01   6.8423119691015000e-01   4.1362791145544581e-01
  -6.9192943852577371e-01   5.8585825936428226e-01   4.2190490876032843e-01
  -7.8660840943608923e-01   4.6221530718067755e-01   4.0939494380402131e-01
  -8.3142696619562872e-01   3.2849312799717184e-01   4.4813107986544137e-01
  -8.6330333421824079e-01   2.1201093539882362e-01   4.5799423184029753e-01
  -8.9582784923944014e-01   1.0191469716818091e-01   4.3255734767560805e-01
  -9.0407089545840547e-01  -2.0352787723662842e-02   4.2689762240719059e-01
  -8.8590573729965816e-01  -1.3656546010649828e-01   4.4330677834367660e-01
  -8.5510960117277268e-01  -2.7997250275047453e-01   4.3635188516354229e-01
  -8.1037346326543414e-01  -3.8849982559428303e-01   4.3859176411373463e-01
  -7.5966719527756488e-01  -5.1915775150024002e-01   3.9163884061253823e-01
  -6.7555337271955396e-01  -6.0684081761694786e-01   4.1877423832087579e-01
  -5.5651533452714885e-01  -7.1128283142626469e-01   4.2938026987085887e-01
  -4.3801673676779618e-01  -7.9273903646314492e-01   4.2391763159695978e-01
  -3.1532796695806964e-01  -8.2278526230519644e-01   4.7285588225955227e-01
  -1.9275038256179333e-01  -8.6218106225427238e-01   4.6849877898707126e-01
  -5.5243040193815193e-02  -9.0047729628733053e-01   4.3138016340717811e-01
   7.0760909270152259e-02  -9.0608322675377817e-01   4.1714035996858756e-01
   1.8989976601011743e-01  -8.9870307878638789e-01   3.9531108642330054e-01
   2.9275772940688327e-01  -8.6028334503042148e-01   4.1737929768472581e-01
   4.0184173094484488e-01  -8.0348375305442055e-01   4.3924603794323963e-01
   5.0974613314884232e-01  -7.4959473619140249e-01   4.2221630855989489e-01
   6.1302777186279334e-01  -6.8415094775554197e-01   3.9513849674529655e-01
   7.0764552827365967e-01  -5.9557886890081391e-01   3.8016261945793706e-01
   7.8345954641590754e-01  -4.8366540070924785e-01   3.9020368948350947e-01
   8.2577314948317060e-01  -3.5957807222406385e-01   4.3451388420655906e-01
   8.6758162300426067e-01  -2.3270654506775304e-01   4.3948810144066786e-01
   8.9713675951649841e-01  -1.0645305816032043e-01   4.2873462786734617e-01
   9.5480049745059470e-01   8.9068806220171812e-02   2.8358906506882497e-01
   9.3627693267082279e-01   1.9945606143902511e-01   2.8914146175141892e-01
   9.0269449887365250e-01   3.2100947676368285e-01   2.8652322337142605e-01
   8.4855303759518808e-01   4.3160880720069544e-01   3.0605813162661133e-01
   7.9748327004215636e-01   5.3907126436913788e-01   2.7096606048420202e-01
   7.1496406377505928e-01   6.5014999499122561e-01   2.5716020594789213e-01
   5.9568993901384160e-01   7.5240845705332193e-01   2.8113166010310014e-01
   4.7682230984891205e-01   8.1702375792878512e-01   3.2421083234567305e-01
   3.5973376439273896e-01   8.7208692640815999e-01   3.3174690886848968e-01
   2.6281480349611641e-01   9.2242739684851105e-01   2.8294182548109992e-01
   1.5200511069275571e-01   9.4855190369202935e-01   2.7774760543614058e-01
   2.0012423348781259e-02   9.5737438553699361e-01   2.8815584122029031e-01
  -1.0774694954866786e-01   9.4079498878604562e-01   3.2139599241126382e-01
  -2.3216837558862599e-01   9.0962507704282114e-01   3.4449973090175356e-01
  -3.5163742560109856e-01   8.7399965178664296e-01   3.3537401448749521e-01
  -4.6575821765988273e-01   8.3169154057238415e-01   3.0225562694948033e-01
  -5.8584030335831172e-01   7.5255223527621795e-01   3.0075949218903991e-01
  -6.8938504320186877e-01   6.5313980866163379e-01   3.1329962105148174e-01
  -7.7631983241044400e-01   5.4242353798433030e-01   3.2109846347620835e-01
  -8.5455682935768484e-01   4.0495576852033083e-01   3.2518218115427067e-01
  -8.9737341281810989e-01   2.9022519097710392e-01   3.3240080699282576e-01
  -9.2960851486327623e-01   1.7774584686669809e-01   3.2285356280415145e-01
  -9.4945198182536483e-01   4.7680983730573868e-02   3.1026997598603029e-01
  -9.4581612609011212e-01  -8.6385377437013702e-02   3.1300067442891855e-01
  -9.1590424700576911e-01  -2.1240384106965060e-01   3.4059362679834976e-01
  -8.8692569614441852e-01  -3.4284312534167971e-01   3.0955032050490261e-01
  -8.3646877932419794e-01  -4.4847879151202830e-01   3.1493928745044952e-01
  -7.9060612620947879e-01  -5.5570267087475878e-01   2.5717016697646194e-01
  -7.0778970520785944e-01  -6.3931523685268032e-01   3.0051582509041458e-01
  -6.0859285211382919e-01  -7.2063896893285395e-01   3.3210573137383204e-01
  -4.8681873261235364e-01  -8.1018634001188738e-01   3.2650515468495167e-01
  -3.4415992381200966e-01  -8.7035521846753994e-01   3.5218708171656782e-01
  -2.2496117724410750e-01  -9.0656283539375315e-01   3.5712223987842595e-01
  -1.0860971713326251e-01  -9.3727260808340784e-01   3.3124611315570052e-01
   2.4187331155477922e-02  -9.5201183019389457e-01   3.0510399568417063e-01
   1.5028720396027792e-01  -9.4860176149161024e-01   2.7851113877332784e-01
   2.6565042951396528e-01  -9.2774204365889323e-01   2.6215367578324356e-01
   3.6595766518568540e-01  -8.7691500264436584e-01   3.1160081102120651e-01
   4.7823830536609824e-01  -8.1990273951457648e-01   3.1471832011666440e-01
   5.9379468299890170e-01  -7.5004486002183079e-01   2.9127406749840645e-01
   7.0046510837502329e-01  -6.5972706070894582e-01   2.7222938364089544e-01
   7.9027839687532919e-01  -5.4588066507843780e-01   2.7834215441733212e-01
   8.5892295515628392e-01  -4.0407222816423877e-01   3.1460608947060076e-01
   9.0213200901723156e-01  -2.8300550193660640e-01   3.2567733138820543e-01
   9.3578476044009828e-01  -1.7111413930717398e-01   3.0826422669072850e-01
   9.4659833970853824e-01  -4.8136382574738179e-02   3.1880161846147748e-01
   9.8116816000007190e-01   4.6716786147101173e-03   1.9309898296209196e-01
   9.8526633233546235e-01   1.1174298712514386e-01   1.2947493654980605e-01
   9.6193972175996378e-01   2.1913943668045913e-01   1.6324790654625385e-01
   9.2754282501608765e-01   3.3902827224905463e-01   1.5723911210953923e-01
   8.7800735205064329e-01   4.4453575643363269e-01   1.7745718074227310e-01
   8.0292714475289695e-01   5.7455405362009837e-01   1.5873134437682290e-01
   6.9054930269489889e-01   7.0387087113267421e-01   1.6645557160551638e-01
   5.8779202709444855e-01   7.9093229570958790e-01   1.7007832456771291e-01
   4.7910540675413715e-01   8.5234431864220817e-01   2.0968350363655835e-01
   3.7077282658897176e-01   9.0808549186721432e-01   1.9470041223249560e-01
   2.8924878030903434e-01   9.4856962438839854e-01   1.2864995443990038e-01
   1.7242632279823414e-01   9.7265693759384941e-01   1.5558806174264680e-01
   3.6845018471797372e-02   9.8431065611057400e-01   1.7255427227682368e-01
  -9.9747078792957897e-02   9.7565663444448636e-01   1.9530655886766618e-01
  -2.2139285225118671e-01   9.5014320309635747e-01   2.1957481317737287e-01
  -3.4274536929562754e-01   9.1478188536610316e-01   2.1377491441336507e-01
  -4.5082636557918682e-01   8.7479048137867987e-01   1.7747451024842675e-01
  -5.5711582612968580e-01   8.0838624506071455e-01   1.9008849274081799e-01
  -6.6531398242819850e-01   7.1963709615463645e-01   1.9869512984382159e-01
  -7.5631351691956161e-01   6.2238859418164283e-01   2.0154975057628366e-01
  -8.2989248481294675e-01   5.1658064751816868e-01   2.1076740322142451e-01
  -8.8740266425784442e-01   4.1458755128843844e-01   2.0157795957082211e-01
  -9.3178147202322592e-01   3.0263606067812215e-01   2.0048616703268635e-01
  -9.6254850987433971e-01   1.8267257489767835e-01   2.0032747320060795e-01
  -9.7837845717037453e-01   4.9188655427592314e-02   2.0088820453710882e-01
  -9.7343382300992365e-01  -1.0088859714459397e-01   2.0554338516838794e-01
  -9.4362917763034460e-01  -2.4237439322234464e-01   2.2542987520464053e-01
  -9.0558410173869996e-01  -3.7979256219053958e-01   1.8887838516584451e-01
  -8.5503338052589284e-01  -4.9046426429579854e-01   1.6841236188369596e-01
  -7.7820362716549896e-01  -6.1197778611697096e-01   1.4100462391649457e-01
  -6.9084843000158480e-01  -6.9644314319512357e-01   1.9415301970570029e-01
  -5.8766114073177944e-01  -7.7753769369695425e-01   2.2380687780817843e-01
  -4.8374866010079021e-01  -8.4995731115471729e-01   2.0870985378111237e-01
  -3.7217030972476461e-01  -8.9573673969595546e-01   2.4319735549185736e-01
  -2.4627124450886601e-01  -9.4154208815971685e-01   2.2988903921651918e-01
  -1.2902388636278983e-01  -9.6933399936061193e-01   2.0915170195674490e-01
  -1.2565369250705301e-03  -9.8088554322137511e-01   1.9458153102045361e-01
   1.2776558123201115e-01  -9.7930739571828584e-01   1.5694897560645310e-01
   2.4694894827164945e-01  -9.6043504892857712e-01   1.2876619796005359e-01
   3.6912972121242454e-01  -9.1220768288785781e-01   1.7782123663388263e-01
   4.8461067639927596e-01  -8.5144898035467043e-01   2.0046726957991995e-01
   5.9938027621017109e-01  -7.7962965871765488e-01   1.8144111920403225e-01
   7.0512734214062622e-01  -6.8984710708822528e-01   1.6403170488568053e-01
   7.9438077986029676e-01  -5.8484954445827730e-01   1.6404324714992710e-01
   8.6174608824025101e-01  -4.6495979216377703e-01   2.0299278576748170e-01
   9.1767893938185818e-01  -3.4325901840116368e-01   2.0009650297108503e-01
   9.5497718647429775e-01  -2.3480522099053111e-01   1.8134244265814378e-01
   9.7615702762698386e-01  -1.1472132490292512e-01   1.8427282769570061e-01
   9.9895979395348322e-01   2.5728830607220556e-02   3.7647806576202175e-02
   9.6422607195621957e-01   2.6271601472057116e-01   3.5332389803406784e-02
   9.2234499803873449e-01   3.8525489916510897e-01   2.9297905423573710e-02
   8.6211413913539847e-01   5.0199726704771119e-01   6.8977931104518372e-02
   7.6289201639873905e-01   6.4289380848301780e-01   6.8434803494033344e-02
   6.7039543135641255e-01   7.4091401405120305e-01   4.0204345523627186e-02
   5.7428903210030191e-01   8.1723764876999128e-01   4.8111672618968558e-02
   4.6973800902676777e-01   8.7896511678658318e-01   8.2258898290193283e-02
   3.8855689213574462e-01   9.2111746797059468e-01   2.3793944045742421e-02
   2.6965606202180425e-01   9.6295510392629613e-01   1.7538635035567773e-03
   1.4028086008806073e-01   9.8928884234868342e-01   4.0359220722850982e-02
   1.1572361961576197e-02   9.9832326911592628e-01   5.6716230307735163e-02
  -1.2072866373940164e-01   9.8927159595456948e-01   8.2257517523916315e-02
  -2.6425695158059676e-01   9.5915457271888771e-01   1.0094933964012874e-01
  -3.7984352690184392e-01   9.2266138762055505e-01   6.6444404315790156e-02
  -4.9322968021744595e-01   8.6867041512231169e-01   4.6218961950986563e-02
  -5.9331435553863143e-01   8.0185048565583750e-01   7.0808715320050522e-02
  -6.8880014967760872e-01   7.2067685557060390e-01   7.8608038068448904e-02
  -7.7751652285791106e-01   6.2375138000389563e-01   8.0014202652899186e-02
  -8.4874987884140674e-01   5.2311710265542855e-01   7.7279622644570597e-02
  -9.0339730760169334e-01   4.2464728985024658e-01   5.9564954804416176e-02
  -9.4590667127739325e-01   3.1589210950946767e-01   7.3977999314526130e-02
  -9.7888687205334080e-01   1.8962394249896461e-01   7.6310236225396219e-02
  -9.9465750618248405e-01   6.6607126542288342e-02   7.8866571426818466e-02
  -9.9328474676466627e-01  -6.1782800887978911e-02   9.7817674062969318e-02
  -9.6876708834289738e-01  -2.1856472604187896e-01   1.1713150333647744e-01
  -9.3622137941691963e-01  -3.4114112446126738e-01   8.4334227476050461e-02
  -8.7431591946862375e-01  -4.8229552899944866e-01   5.4430650105220801e-02
  -8.0353728440886774e-01  -5.9454498533370459e-01   2.9053278289505120e-02
  -7.0445535693683803e-01  -7.0670025011349835e-01   6.5706975067422194e-02
  -6.0795078657796109e-01  -7.8746395458305907e-01   1.0147098763512741e-01
  -5.1919495944178040e-01  -8.5221562081309243e-01   6.4537816297141490e-02
  -4.1744442661680542e-01  -9.0292052665316203e-01   1.0234585108807870e-01
  -3.0252197333434211e-01  -9.4535197572384444e-01   1.2161454536740079e-01
  -1.7050888059248254e-01  -9.8144035269888530e-01   8.7758508039883637e-02
  -4.4880980922445315e-02  -9.9611031436451347e-01   7.5828353325582382e-02
   8.0653777709977323e-02  -9.9557689858493481e-01   4.8183058694028093e-02
   2.1424738195300680e-01  -9.7674538357236507e-01   8.1556726488913253e-03
   3.4860945572897045e-01  -9.3604706018812600e-01   4.7826232232090503e-02
   4.6719134739225898e-01  -8.8060239695559916e-01   7.9193834342447728e-02
   5.7717367639445782e-01  -8.1391826030231229e-01   6.6389854825591593e-02
   6.7449441725737302e-01  -7.3671014252529876e-01   4.8119091730734781e-02
   7.6470033363195045e-01  -6.4301813759609727e-01   4.1965157757719820e-02
   8.4140020417965833e-01  -5.3759928810622726e-01   5.5069972163666929e-02
   8.9625441088632252e-01  -4.3578339887312106e-01   8.2588499401560128e-02
   9.4296979014398474e-01  -3.2745183355010343e-01   5.9860434182227834e-02
   9.7645746561965330e-01  -2.1040474403340723e-01   4.7546414416651292e-02
   9.9435854881506058e-01  -8.8359939173818389e-02   5.8682174019083037e-02
  -9.8770059184160908e-01  -1.5617239848419706e-01   7.5975540424766752e-03
  -0.0000000000000000e+00  -0.0000000000000000e+00  -1.0000000000000000e+00
  -1.2667690652410737e-01  -0.0000000000000000e+00  -9.9194403136138809e-01
  -9.8433645427659713e-02  -1.1769791178513619e-01  -9.8815890372411264e-01
   2.0143247713598524e-02  -1.5545045646714126e-01  -9.8763829672391001e-01
   1.0326911630114202e-01  -6.9026630418828477e-02  -9.9225541767803094e-01
   1.2631270616332665e-01   7.7428998974361660e-02  -9.8896402886026413e-01
   6.1731959463250654e-03   1.2578408926626675e-01  -9.9203843400307035e-01
  -1.1381268158066779e-01   1.3455179491160082e-01  -9.8434876339511090e-01
  -2.4889157541577264e-01  -5.2476417532919047e-02  -9.6710868535545969e-01
  -2.1635264466571807e-01  -1.7656009586018162e-01  -9.6021771786194043e-01
  -1.1108396304662717e-01  -2.4899295066992019e-01  -9.6211374778169667e-01
   1.6030362226402767e-02  -2.7852135560794539e-01  -9.6029624697652693e-01
   1.4118921523640854e-01  -2.2821927236051251e-01  -9.6331800005198975e-01
   2.2014767001249108e-01  -1.4830808373578280e-01  -9.6412640026434882e-01
   2.1970108765114449e-01  -1.5300013244493791e-02  -9.7544725212572225e-01
   2.4328876403910288e-01   1.2434773999130318e-01  -9.6195021537051539e-01
   1.2892339141225037e-01   2.1019142790654152e-01  -9.6912244983870477e-01
   2.9793405381289505e-02   2.6521081870177460e-01  -9.6373003203144014e-01
  -9.3616298284661115e-02   2.5617150110060039e-01  -9.6208739245421071e-01
  -2.3183685678284738e-01   2.0029432939960251e-01  -9.5191063312025936e-01
  -2.3989824605829513e-01   7.5385740671935028e-02  -9.6786663422265851e-01
  -3.6922908218377731e-01   1.0043945249714439e-02  -9.2928413525333908e-01
  -3.4881334245921647e-01  -1.2514353401254691e-01  -9.2879941215381912e-01
  -3.0959303117153797e-01  -2.5508632068891790e-01  -9.1601480558308102e-01
  -2.1093467941433194e-01  -3.3128704278945431e-01  -9.1964963779702069e-01
  -8.6942773381744165e-02  -3.7588042689053630e-01  -9.2258054327916483e-01
   4.7288180686595148e-02  -3.9153112270665730e-01  -9.1894896915955915e-01
   1.7035046179175559e-01  -3.3907057641282767e-01  -9.2520909224802172e-01
   2.8870459367369949e-01  -2.8541214130981796e-01  -9.1388706478680859e-01
   3.3766346571038663e-01  -1.7575379996768481e-01  -9.2471292070640476e-01
   3.3542897751873541e-01  -4.2062630710735474e-02  -9.4112599376408046e-01
   3.5436483821950726e-01   7.9738189066682494e-02  -9.3170133768178542e-01
   2.8385782682030514e-01   2.3507521099100276e-01  -9.2960442088578155e-01
   2.0168908962449217e-01   3.1504861069034906e-01  -9.2739737115678977e-01
   9.5146035003773805e-02   3.7944251780721483e-01  -9.2031006063347043e-01
  -3.1586859824095703e-02   3.8676483646586174e-01  -9.2163725595268131e-01
  -1.6651289762116950e-01   3.4203440225101195e-01  -9.2481669675811695e-01
  -2.9589290127223239e-01   2.8173066329401664e-01  -9.1272954610695844e-01
  -3.5949581720685647e-01   1.2887490639321972e-01  -9.2420453142846759e-01
  -4.7636152986057151e-01  -1.4101136516171481e-02  -8.7913642332566799e-01
  -4.5674202831397931e-01  -1.4374381671830735e-01  -8.7790912669073318e-01
  -4.2726373051327177e-01  -2.6273251319451590e-01  -8.6511116690190504e-01
  -3.4838621035197337e-01  -3.7345811681685714e-01  -8.5974187022628912e-01
  -2.3113268955714381e-01  -4.4078629070098829e-01  -8.6734371834247170e-01
  -1.0070180930431268e-01  -4.8287123965406048e-01  -8.6988189515461734e-01
   2.6196971357225797e-02  -5.0220566202007910e-01  -8.6435131267713283e-01
   1.6026855568448425e-01  -4.6030909910982770e-01  -8.7317210407542689e-01
   2.8566100483686596e-01  -4.0577244062487444e-01  -8.6818576165756411e-01
   4.0370665509731357e-01  -3.1183921198352604e-01  -8.6010304179187291e-01
   4.5249203207484412e-01  -1.8278970046894305e-01  -8.7283382514156282e-01
   4.4746567139572690e-01  -5.8739395553124372e-02  -8.9236996606364172e-01
   4.7875291302777523e-01   6.9224983633524681e-02  -8.7521628750175673e-01
   4.1165378138013997e-01   1.8409167260571255e-01  -8.9255331513174219e-01
   3.9098454032138952e-01   3.0063368698892878e-01  -8.6991406212172162e-01
   3.1148470361683811e-01   3.8871490198922160e-01  -8.6710899221738003e-01
   2.0544736242717901e-01   4.4732987672144325e-01  -8.7045238965959171e-01
   7.1073240059898388e-02   4.9374541494410540e-01  -8.6669721343100048e-01
  -7.8655795892223254e-02   4.7731008910416406e-01  -8.7520760086503813e-01
  -2.1906492106879158e-01   4.2782160261995517e-01  -8.7691461197132370e-01
  -3.5283678379829525e-01   3.6556589862650996e-01  -8.6131746630395656e-01
  -4.7235227790771694e-01   2.9697311758457040e-01  -8.2987366085898384e-01
  -4.2108876154688463e-01   2.1215263719587824e-01  -8.8185912334666294e-01
  -5.0104671109680488e-01   1.0161179651327908e-01  -8.5943425351123803e-01
  -5.9756202033192718e-01   6.2237145181895147e-03  -8.0179853905730059e-01
  -5.6976276447415064e-01  -1.0933453144858676e-01  -8.1450374612502030e-01
  -5.5768907740296503e-01  -2.2851488350210902e-01  -7.9797483729967777e-01
  -5.0404339608394311e-01  -3.3803613910886099e-01  -7.9477784538859664e-01
  -4.2120061889053162e-01  -4.3710316749505423e-01  -7.9468915911318661e-01
  -3.0335797861949282e-01  -5.1357170319362078e-01  -8.0263194708826469e-01
  -1.7182935486538597e-01  -5.6436040078240146e-01  -8.0744783784172236e-01
  -4.3338455836775328e-02  -6.0233958373092400e-01  -7.9706260991000011e-01
   8.9881981483539666e-02  -5.9111233778738570e-01  -8.0156561398311266e-01
   2.0971652288694631e-01  -5.4742676577412186e-01  -8.1014993435924787e-01
   3.3343539932990518e-01  -4.9065523124215643e-01  -8.0503309157351577e-01
   4.3565345981015047e-01  -4.0798937679149494e-01  -8.0234078257354791e-01
   5.2044280004067389e-01  -2.8052038124264961e-01  -8.0650332150171677e-01
   5.6254682967390546e-01  -1.4877287515188761e-01  -8.1326975601142260e-01
   5.5784203020281986e-01  -2.1138575693159946e-02  -8.2967790735734359e-01
   5.5504936587632936e-01   1.4788036916965208e-01  -8.1856679498653750e-01
   5.1384022672586771e-01   2.5585287715337723e-01  -8.1884523974353518e-01
   4.9909240012145678e-01   3.7018749669479745e-01  -7.8349728361484627e-01
   4.0640119798359053e-01   4.4159118663383695e-01  -7.9989704972878994e-01
   2.9421410496928141e-01   5.2590697670911146e-01  -7.9803503199158288e-01
   1.7446667952077993e-01   5.6392731491961368e-01  -8.0718483708785582e-01
   2.9331032652114664e-02   5.8392490766204863e-01  -8.1127762987489582e-01
  -1.0667660648993985e-01   5.6775734445789550e-01  -8.1625467805208263e-01
  -2.3818452596358367e-01   5.1954341956799965e-01  -8.2057465642992677e-01
  -3.6990015167260182e-01   4.5891940549420424e-01  -8.0781610348731736e-01
  -4.9755586173470545e-01   3.9571992517971877e-01  -7.7190925973795155e-01
  -5.8695191537770952e-01   2.7177165133395925e-01  -7.6264514590053678e-01
  -5.6940038325072240e-01   1.6664471950472598e-01  -8.0499238568766707e-01
  -6.8668848996418674e-01  -7.1420602775719030e-02  -7.2343487284610353e-01
  -6.6515294581562112e-01  -1.8581253769228145e-01  -7.2321868028221992e-01
  -6.3500390619299218e-01  -3.0839110837372480e-01  -7.0828310963601770e-01
  -5.6922869739727977e-01  -4.1260467690180302e-01  -7.1115122910542372e-01
  -4.8977261670947597e-01  -5.0573631689503284e-01  -7.1017854212514742e-01
  -3.8465367922979216e-01  -5.7074218498436990e-01  -7.2546185656742246e-01
  -2.6003640394518696e-01  -6.2789259332098346e-01  -7.3357478137944843e-01
  -1.3360205689847782e-01  -6.7289271297107167e-01  -7.2757534814129510e-01
   5.4049387457259998e-03  -6.9408783503166771e-01  -7.1987003264353722e-01
   1.2884131047899228e-01  -6.8338173646074041e-01  -7.1860233716984179e-01
   2.4515113634190092e-01  -6.3726144165599985e-01  -7.3061534019536667e-01
   3.5802673407080421e-01  -5.8527773598865340e-01  -7.2750727106097712e-01
   4.6320994753158701e-01  -5.1688251954627440e-01  -7.1990902584651606e-01
   5.4197174290570671e-01  -4.1838186506018138e-01  -7.2885063276402162e-01
   6.0518103173118787e-01  -3.1337529161265498e-01  -7.3181407846491897e-01
   6.4781985534178410e-01  -1.8111032179041411e-01  -7.3995167839928755e-01
   6.5733953755774566e-01  -3.8625574114635797e-02  -7.5260401100956398e-01
   6.4182047521087149e-01   8.0671299785315273e-02  -7.6259990754722684e-01
   6.5462858365924004e-01   2.0588114981475875e-01  -7.2737498555232860e-01
   6.1029291334841818e-01   3.1054514053329951e-01  -7.2876901389113224e-01
   5.9053320474967208e-01   4.3356233819463630e-01  -6.8065720666667573e-01
   4.9740232024585768e-01   4.9783445523182268e-01  -7.1045885665397368e-01
   3.8349484512640136e-01   5.6532827353692083e-01  -7.3029832733016842e-01
   2.6031471263103551e-01   6.4486314496507646e-01  -7.1860126263009882e-01
   1.3862800096496936e-01   6.6413411737789763e-01  -7.3464831823338261e-01
   1.2367238062686756e-02   6.7915138724168023e-01  -7.3389402820189376e-01
  -1.1024403463733579e-01   6.6651915205202872e-01  -7.3729130794735853e-01
  -2.2782555115275493e-01   6.2648881314645122e-01  -7.4539069302231997e-01
  -3.4388242377366629e-01   5.7249831012626917e-01  -7.4430542354742701e-01
  -4.6052375678221719e-01   5.1392363226832505e-01  -7.2374054027346335e-01
  -5.7770710060386177e-01   4.3148497596745183e-01  -6.9287460728926065e-01
  -6.5321687375515725e-01   3.2586711475840147e-01  -6.8346056167168401e-01
  -6.8763622762338716e-01   1.7778939342068276e-01  -7.0395124124258990e-01
  -6.6776159010238023e-01   7.5925282935121921e-02  -7.4049295080720545e-01
  -7.5841941735364549e-01  -5.0003165455644238e-03  -6.5174763844251948e-01
  -7.6938736020289056e-01  -1.4152946656197521e-01  -6.2290649382929886e-01
  -7.3662327493551838e-01  -2.5849008179541089e-01  -6.2495522114522206e-01
  -6.8774795856026394e-01  -3.8613758138805709e-01  -6.1473613342308986e-01
  -6.1663370249731286e-01  -4.9371049974734110e-01  -6.1319884163596239e-01
  -5.4193428912191854e-01  -5.8147404727239838e-01  -6.0679086893474043e-01
  -4.3708587733779491e-01  -6.4040613378442279e-01  -6.3153457517632239e-01
  -3.1916558877754714e-01  -6.9247737920783103e-01  -6.4699954113255409e-01
  -1.9798777097136849e-01  -7.4138900195455570e-01  -6.4120448401942487e-01
  -7.2175045766615056e-02  -7.6713603008237907e-01  -6.3741122842167930e-01
   4.9014409544635658e-02  -7.8273565490134178e-01  -6.2042121353412660e-01
   1.7755366269941372e-01  -7.5635095474999126e-01  -6.2960934722318052e-01
   3.0092472124132968e-01  -7.0855415812746070e-01  -6.3827526753440278e-01
   4.1467850772923892e-01  -6.5666542809851691e-01  -6.2994622847322701e-01
   5.1366767122816548e-01  -5.8559013729577636e-01  -6.2708030955926775e-01
   6.0117822497261331e-01  -4.8789140368996742e-01  -6.3288760457462834e-01
   6.6938269846045084e-01  -3.9898334388933637e-01  -6.2668899328190586e-01
   7.0336984837945582e-01  -2.7925228538815694e-01  -6.5367347926633279e-01
   7.3336987089558625e-01  -1.3713696314211093e-01  -6.6585440285602260e-01
   7.5128884571601240e-01  -1.5774874651247054e-02  -6.5978498287884602e-01
   7.4001620357633868e-01   9.8685233359496527e-02  -6.6530988506202482e-01
   7.4114347867272656e-01   2.1947021748509446e-01  -6.3445974471035982e-01
   6.8996586747981292e-01   3.5190156229897457e-01  -6.3254437960064924e-01
   6.5375782889705114e-01   4.8424315110101168e-01  -5.8147164313281596e-01
   5.4990785603887160e-01   5.7088799334800688e-01  -6.0966240569500241e-01
   4.4434950748691249e-01   6.2623268863263881e-01  -6.4061387347143428e-01
   3.2950312685364225e-01   6.9068106935310125e-01  -6.4372925196151298e-01
   1.6733293571261523e-01   7.4871188129617072e-01  -6.4142825587258512e-01
   4.2659601725204360e-02   7.6604014378205953e-01  -6.4137559705293479e-01
  -8.0884368916146129e-02   7.6531582963246148e-01  -6.3855258184351116e-01
  -1.9339496603276271e-01   7.3998415200890943e-01  -6.4422188870671093e-01
  -3.0247793679828205e-01   6.9282500205303099e-01  -6.5459958316551980e-01
  -4.1198690263673338e-01   6.3881462712742432e-01  -6.4975584970344102e-01
  -5.2024141223805587e-01   5.7488859986796248e-01  -6.3154728305520158e-01
  -6.1518556869737839e-01   5.0948904431646846e-01  -6.0163745710184546e-01
  -6.9631866952471144e-01   4.0177778001115044e-01  -5.9473937650087305e-01
  -7.4405656553164157e-01   2.4453314705990883e-01  -6.2175828685931878e-01
  -7.7844675039630884e-01   9.6957054692008424e-02  -6.2017738296625879e-01
  -8.3635414973856748e-01  -7.6311961456900904e-02  -5.4285193262406117e-01
  -8.3160230568399818e-01  -2.1011656608426776e-01  -5.1409010283997270e-01
  -7.8443792479596930e-01  -3.2735121237587350e-01  -5.2678109865278844e-01
  -7.2361886940033415e-01  -4.5715836685915529e-01  -5.1708989494908153e-01
  -6.6021042511644468e-01  -5.6393151476493086e-01  -4.9608813856258843e-01
  -5.8232003676349953e-01  -6.4743778671984775e-01  -4.9165809981232023e-01
  -4.7303673458483531e-01  -7.0427088044456354e-01  -5.2937583500869712e-01
  -3.5205861816022904e-01  -7.5828845336168604e-01  -5.4868328831617608e-01
  -2.3165484293145583e-01  -8.0845144555350912e-01  -5.4105664576719137e-01
  -1.1664745606928871e-01  -8.3977439080096283e-01  -5.3025686562970131e-01
  -3.0075925345458276e-03  -8.5497442213860997e-01  -5.1866144244188450e-01
   1.3921299761070360e-01  -8.3478309779784288e-01  -5.3268839008117996e-01
   2.8675560477681483e-01  -7.8777471744329386e-01  -5.4514421732805862e-01
   4.1997471761758748e-01  -7.3560886605073206e-01  -5.3150807402106681e-01
   5.2649883650919715e-01  -6.7697995094250396e-01  -5.1429283601499498e-01
   6.1101691435763650e-01  -5.8416629456158031e-01  -5.3423596908769222e-01
   7.0055702993555902e-01  -4.9635681922083902e-01  -5.1268875140853221e-01
   7.5592137407509796e-01  -3.8676101576898136e-01  -5.2820336320186523e-01
   7.8069072045986143e-01  -2.5975790639931962e-01  -5.6837296650254643e-01
   8.1306496950102380e-01  -1.3846288701283857e-01  -5.6546740338446488e-01
   8.3890397093200697e-01  -2.6869950914095053e-02  -5.4361579566122287e-01
   8.2464095839758100e-01   8.5304831667328593e-02  -5.5918724540830500e-01
   8.1738144406055913e-01   2.0938095767205159e-01  -5.3670027899173811e-01
   7.6323541317795784e-01   3.3851940435187200e-01  -5.5034199998575950e-01
   7.2543129262656336e-01   4.7148064105521015e-01  -5.0145333261263869e-01
   6.1519112324106284e-01   6.0124067542280069e-01  -5.0995051926881474e-01
   4.9840904003056824e-01   6.8640284556375908e-01  -5.2956544677478889e-01
   3.9360531106162228e-01   7.4113642376751776e-01  -5.4386731880963202e-01
   2.5179677637502279e-01   7.7792048772720468e-01  -5.7570660772776860e-01
   1.0475695207912342e-01   8.3474410652728426e-01  -5.4058140701383539e-01
  -2.4429987433533411e-02   8.4323694014981754e-01  -5.3698662784167217e-01
  -1.4373211371223787e-01   8.4001837945094526e-01  -5.2317320427600278e-01
  -2.4974646166932266e-01   8.0605691101228649e-01  -5.3656216889842723e-01
  -3.5723271511819404e-01   7.5546248343044009e-01  -5.4923694647974586e-01
  -4.6684389382475994e-01   6.9669473522150960e-01  -5.4467717476792343e-01
  -5.6656350155981750e-01   6.4190220633491424e-01  -5.1668883886014783e-01
  -6.5980897064135424e-01   5.6700173589492020e-01  -4.9311373308126760e-01
  -7.3311250405925754e-01   4.6272308871787365e-01  -4.9843093760254875e-01
  -7.8231378732524004e-01   3.1863738073759990e-01  -5.3521524432467427e-01
  -8.2542238632923715e-01   1.7277610717139180e-01  -5.3742562363293334e-01
  -8.5512018757454811e-01   3.0108960269613225e-02  -5.1755474619981279e-01
  -9.1213970348982365e-01  -3.9006064128363979e-02  -4.0801922537879354e-01
  -8.9458907136514876e-01  -1.5027117000172954e-01  -4.2086692535806608e-01
  -8.7345449081188564e-01  -2.7672002292836673e-01  -4.0062860780412812e-01
  -8.1721115985676240e-01  -3.8846921369387666e-01  -4.2574357331335777e-01
  -7.6344760844535220e-01  -5.0598427364581600e-01  -4.0140710504696875e-01
  -7.0217507119426992e-01  -6.0770667576898507e-01  -3.7100237953297754e-01
  -6.1147000241525851e-01  -6.9665979904804265e-01  -3.7519269787220599e-01
  -4.9661906457846822e-01  -7.5774166020321054e-01  -4.2331676211755354e-01
  -3.7301935748307552e-01  -8.1331556114580206e-01  -4.4651355739887971e-01
  -2.5477142954971438e-01  -8.6774471750299698e-01  -4.2674421370516424e-01
  -1.5025448210342607e-01  -9.0198775323030533e-01  -4.0477362022540092e-01
  -3.2430558871222107e-02  -9.1449882198771881e-01  -4.0328670128628691e-01
   9.9741225668889544e-02  -8.9625310601021835e-01  -4.3218289863101239e-01
   2.4258662528857489e-01  -8.5754763318382576e-01  -4.5361193332177591e-01
   3.7753271113669251e-01  -8.1314044472982194e-01  -4.4302558522772251e-01
   4.9503670820962759e-01  -7.6891428108305859e-01  -4.0461028888487133e-01
   6.0061603378523742e-01  -6.8423119691015000e-01  -4.1362791145544581e-01
   6.9192943852577371e-01  -5.8585825936428226e-01  -4.2190490876032843e-01
   7.8660840943608923e-01  -4.6221530718067755e-01  -4.0939494380402131e-01
   8.3142696619562872e-01  -3.2849312799717184e-01  -4.4813107986544137e-01
   8.6330333421824079e-01  -2.1201093539882362e-01  -4.5799423184029753e-01
   8.9582784923944014e-01  -1.0191469716818091e-01  -4.3255734767560805e-01
   9.0407089545840547e-01   2.0352787723662842e-02  -4.2689762240719059e-01
   8.8590573729965816e-01   1.3656546010649828e-01  -4.4330677834367660e-01
   8.5510960117277268e-01   2.7997250275047453e-01  -4.3635188516354229e-01
   8.1037346326543414e-01   3.8849982559428303e-01  -4.3859176411373463e-01
   7.5966719527756488e-01   5.1915775150024002e-01  -3.9163884061253823e-01
   6.7555337271955396e-01   6.0684081761694786e-01  -4.1877423832087579e-01
   5.5651533452714885e-01   7.1128283142626469e-01  -4.2938026987085887e-01
   4.3801673676779618e-01   7.9273903646314492e-01  -4.2391763159695978e-01
   3.1532796695806964e-01   8.2278526230519644e-01  -4.7285588225955227e-01
   1.9275038256179333e-01   8.6218106225427238e-01  -4.6849877898707126e-01
   5.5243040193815193e-02   9.0047729628733053e-01  -4.3138016340717811e-01
  -7.0760909270152259e-02   9.0608322675377817e-01  -4.1714035996858756e-01
  -1.8989976601011743e-01   8.9870307878638789e-01  -3.9531108642330054e-01
  -2.9275772940688327e-01   8.6028334503042148e-01  -4.1737929768472581e-01
  -4.0184173094484488e-01   8.0348375305442055e-01  -4.3924603794323963e-01
  -5.0974613314884232e-01   7.4959473619140249e-01  -4.2221630855989489e-01
  -6.1302777186279334e-01   6.8415094775554197e-01  -3.9513849674529655e-01
  -7.0764552827365967e-01   5.9557886890081391e-01  -3.8016261945793706e-01
  -7.8345954641590754e-01   4.8366540070924785e-01  -3.9020368948350947e-01
  -8.2577314948317060e-01   3.5957807222406385e-01  -4.3451388420655906e-01
  -8.6758162300426067e-01   2.3270654506775304e-01  -4.3948810144066786e-01
  -8.9713675951649841e-01   1.0645305816032043e-01  -4.2873462786734617e-01
  -9.5480049745059470e-01  -8.9068806220171812e-02  -2.8358906506882497e-01
  -9.3627693267082279e-01  -1.9945606143902511e-01  -2.8914146175141892e-01
  -9.0269449887365250e-01  -3.2100947676368285e-01  -2.8652322337142605e-01
  -8.4855303759518808e-01  -4.3160880720069544e-01  -3.0605813162661133e-01
  -7.9748327004215636e-01  -5.3907126436913788e-01  -2.7096606048420202e-01
  -7.1496406377505928e-01  -6.5014999499122561e-01  -2.5716020594789213e-01
  -5.9568993901384160e-01  -7.5240845705332193e-01  -2.8113166010310014e-01
  -4.7682230984891205e-01  -8.1702375792878512e-01  -3.2421083234567305e-01
  -3.5973376439273896e-01  -8.7208692640815999e-01  -3.3174690886848968e-01
  -2.6281480349611641e-01  -9.2242739684851105e-01  -2.8294182548109992e-01
  -1.5200511069275571e-01  -9.4855190369202935e-01  -2.7774760543614058e-01
  -2.0012423348781259e-02  -9.5737438553699361e-01  -2.8815584122029031e-01
   1.0774694954866786e-01  -9.4079498878604562e-01  -3.2139599241126382e-01
   2.3216837558862599e-01  -9.0962507704282114e-01  -3.4449973090175356e-01
   3.5163742560109856e-01  -8.7399965178664296e-01  -3.3537401448749521e-01
   4.6575821765988273e-01  -8.3169154057238415e-01  -3.0225562694948033e-01
   5.8584030335831172e-01  -7.5255223527621795e-01  -3.0075949218903991e-01
   6.8938504320186877e-01  -6.5313980866163379e-01  -3.1329962105148174e-01
   7.7631983241044400e-01  -5.4242353798433030e-01  -3.2109846347620835e-01
   8.5455682935768484e-01  -4.0495576852033083e-01  -3.2518218115427067e-01
   8.9737341281810989e-01  -2.9022519097710392e-01  -3.3240080699282576e-01
   9.2960851486327623e-01  -1.7774584686669809e-01  -3.2285356280415145e-01
   9.4945198182536483e-01  -4.7680983730573868e-02  -3.1026997598603029e-01
   9.4581612609011212e-01   8.6385377437013702e-02  -3.1300067442891855e-01
   9.1590424700576911e-01   2.1240384106965060e-01  -3.4059362679834976e-01
   8.8692569614441852e-01   3.4284312534167971e-01  -3.0955032050490261e-01
   8.3646877932419794e-01   4.4847879151202830e-01  -3.1493928745044952e-01
   7.9060612620947879e-01   5.5570267087475878e-01  -2.5717016697646194e-01
   7.0778970520785944e-01   6.3931523685268032e-01  -3.0051582509041458e-01
   6.0859285211382919e-01   7.2063896893285395e-01  -3.3210573137383204e-01
   4.8681873261235364e-01   8.1018634001188738e-01  -3.2650515468495167e-01
   3.4415992381200966e-01   8.7035521846753994e-01  -3.5218708171656782e-01
   2.2496117724410750e-01   9.0656283539375315e-01  -3.5712223987842595e-01
   1.0860971713326251e-01   9.3727260808340784e-01  -3.3124611315570052e-01
  -2.4187331155477922e-02   9.5201183019389457e-01  -3.0510399568417063e-01
  -1.5028720396027792e-01   9.4860176149161024e-01  -2.7851113877332784e-01
  -2.6565042951396528e-01   9.2774204365889323e-01  -2.6215367578324356e-01
  -3.6595766518568540e-01   8.7691500264436584e-01  -3.1160081102120651e-01
  -4.7823830536609824e-01   8.1990273951457648e-01  -3.1471832011666440e-01
  -5.9379468299890170e-01   7.5004486002183079e-01  -2.9127406749840645e-01
  -7.0046510837502329e-01   6.5972706070894582e-01  -2.7222938364089544e-01
  -7.9027839687532919e-01   5.4588066507843780e-01  -2.7834215441733212e-01
  -8.5892295515628392e-01   4.0407222816423877e-01  -3.1460608947060076e-01
  -9.0213200901723156e-01   2.8300550193660640e-01  -3.2567733138820543e-01
  -9.3578476044009828e-01   1.7111413930717398e-01  -3.0826422669072850e-01
  -9.4659833970853824e-01   4.8136382574738179e-02  -3.1880161846147748e-01
  -9.8116816000007190e-01  -4.6716786147101173e-03  -1.9309898296209196e-01
  -9.8526633233546235e-01  -1.1174298712514386e-01  -1.2947493654980605e-01
  -9.6193972175996378e-01  -2.1913943668045913e-01  -1.6324790654625385e-01
  -9.2754282501608765e-01  -3.3902827224905463e-01  -1.5723911210953923e-01
  -8.7800735205064329e-01  -4.4453575643363269e-01  -1.7745718074227310e-01
  -8.0292714475289695e-01  -5.7455405362009837e-01  -1.5873134437682290e-01
  -6.9054930269489889e-01  -7.0387087113267421e-01  -1.6645557160551638e-01
  -5.8779202709444855e-01  -7.9093229570958790e-01  -1.7007832456771291e-01
  -4.7910540675413715e-01  -8.5234431864220817e-01  -2.0968350363655835e-01
  -3.7077282658897176e-01  -9.0808549186721432e-01  -1.9470041223249560e-01
  -2.8924878030903434e-01  -9.4856962438839854e-01  -1.2864995443990038e-01
  -1.7242632279823414e-01  -9.7265693759384941e-01  -1.5558806174264680e-01
  -3.6845018471797372e-02  -9.8431065611057400e-01  -1.7255427227682368e-01
   9.9747078792957897e-02  -9.7565663444448636e-01  -1.9530655886766618e-01
   2.2139285225118671e-01  -9.5014320309635747e-01  -2.1957481317737287e-01
   3.4274536929562754e-01  -9.1478188536610316e-01  -2.1377491441336507e-01
   4.5082636557918682e-01  -8.7479048137867987e-01  -1.7747451024842675e-01
   5.5711582612968580e-01  -8.0838624506071455e-01  -1.9008849274081799e-01
   6.6531398242819850e-01  -7.1963709615463645e-01  -1.9869512984382159e-01
   7.5631351691956161e-01  -6.2238859418164283e-01  -2.0154975057628366e-01
   8.2989248481294675e-01  -5.1658064751816868e-01  -2.1076740322142451e-01
   8.8740266425784442e-01  -4.1458755128843844e-01  -2.0157795957082211e-01
   9.3178147202322592e-01  -3.0263606067812215e-01  -2.0048616703268635e-01
   9.6254850987433971e-01  -1.8267257489767835e-01  -2.0032747320060795e-01
   9.7837845717037453e-01  -4.9188655427592314e-02  -2.0088820453710882e-01
   9.7343382300992365e-01   1.0088859714459397e-01  -2.0554338516838794e-01
   9.4362917763034460e-01   2.4237439322234464e-01  -2.2542987520464053e-01
   9.0558410173869996e-01   3.7979256219053958e-01  -1.8887838516584451e-01
   8.5503338052589284e-01   4.9046426429579854e-01  -1.6841236188369596e-01
   7.7820362716549896e-01   6.1197778611697096e-01  -1.4100462391649457e-01
   6.9084843000158480e-01   6.9644314319512357e-01  -1.9415301970570029e-01
   5.8766114073177944e-01   7.7753769369695425e-01  -2.2380687780817843e-01
   4.8374866010079021e-01   8.4995731115471729e-01  -2.0870985378111237e-01
   3.7217030972476461e-01   8.9573673969595546e-01  -2.4319735549185736e-01
   2.4627124450886601e-01   9.4154208815971685e-01  -2.2988903921651918e-01
   1.2902388636278983e-01   9.6933399936061193e-01  -2.0915170195674490e-01
   1.2565369250705301e-03   9.8088554322137511e-01  -1.9458153102045361e-01
  -1.2776558123201115e-01   9.7930739571828584e-01  -1.5694897560645310e-01
  -2.4694894827164945e-01   9.6043504892857712e-01  -1.2876619796005359e-01
  -3.6912972121242454e-01   9.1220768288785781e-01  -1.7782123663388263e-01
  -4.8461067639927596e-01   8.5144898035467043e-01  -2.0046726957991995e-01
  -5.9938027621017109e-01   7.7962965871765488e-01  -1.8144111920403225e-01
  -7.0512734214062622e-01   6.8984710708822528e-01  -1.6403170488568053e-01
  -7.9438077986029676e-01   5.8484954445827730e-01  -1.6404324714992710e-01
  -8.6174608824025101e-01   4.6495979216377703e-01  -2.0299278576748170e-01
  -9.1767893938185818e-01   3.4325901840116368e-01  -2.0009650297108503e-01
  -9.5497718647429775e-01   2.3480522099053111e-01  -1.8134244265814378e-01
  -9.7615702762698386e-01   1.1472132490292512e-01  -1.8427282769570061e-01
  -9.9895979395348322e-01  -2.5728830607220556e-02  -3.7647806576202175e-02
  -9.6422607195621957e-01  -2.6271601472057116e-01  -3.5332389803406784e-02
  -9.2234499803873449e-01  -3.8525489916510897e-01  -2.9297905423573710e-02
  -8.6211413913539847e-01  -5.0199726704771119e-01  -6.8977931104518372e-02
  -7.6289201639873905e-01  -6.4289380848301780e-01  -6.8434803494033344e-02
  -6.7039543135641255e-01  -7.4091401405120305e-01  -4.0204345523627186e-02
  -5.7428903210030191e-01  -8.1723764876999128e-01  -4.8111672618968558e-02
  -4.6973800902676777e-01  -8.7896511678658318e-01  -8.2258898290193283e-02
  -3.8855689213574462e-01  -9.2111746797059468e-01  -2.3793944045742421e-02
  -2.6965606202180425e-01  -9.6295510392629613e-01  -1.7538635035567773e-03
  -1.4028086008806073e-01  -9.8928884234868342e-01  -4.0359220722850982e-02
  -1.1572361961576197e-02  -9.9832326911592628e-01  -5.6716230307735163e-02
   1.2072866373940164e-01  -9.8927159595456948e-01  -8.2257517523916315e-02
   2.6425695158059676e-01  -9.5915457271888771e-01  -1.0094933964012874e-01
   3.7984352690184392e-01  -9.2266138762055505e-01  -6.6444404315790156e-02
   4.9322968021744595e-01  -8.6867041512231169e-01  -4.6218961950986563e-02
   5.9331435553863143e-01  -8.0185048565583750e-01  -7.0808715320050522e-02
   6.8880014967760872e-01  -7.2067685557060390e-01  -7.8608038068448904e-02
   7.7751652285791106e-01  -6.2375138000389563e-01  -8.0014202652899186e-02
   8.4874987884140674e-01  -5.2311710265542855e-01  -7.7279622644570597e-02
   9.0339730760169334e-01  -4.2464728985024658e-01  -5.9564954804416176e-02
   9.4590667127739325e-01  -3.1589210950946767e-01  -7.3977999314526130e-02
   9.7888687205334080e-01  -1.8962394249896461e-01  -7.6310236225396219e-02
   9.9465750618248405e-01  -6.6607126542288342e-02  -7.8866571426818466e-02
   9.9328474676466627e-01   6.1782800887978911e-02  -9.7817674062969318e-02
   9.6876708834289738e-01   2.1856472604187896e-01  -1.1713150333647744e-01
   9.3622137941691963e-01   3.4114112446126738e-01  -8.4334227476050461e-02
   8.7431591946862375e-01   4.8229552899944866e-01  -5.4430650105220801e-02
   8.0353728440886774e-01   5.9454498533370459e-01  -2.9053278289505120e-02
   7.0445535693683803e-01   7.0670025011349835e-01  -6.5706975067422194e-02
   6.0795078657796109e-01   7.8746395458305907e-01  -1.0147098763512741e-01
   5.1919495944178040e-01   8.5221562081309243e-01  -6.4537816297141490e-02
   4.1744442661680542e-01   9.0292052665316203e-01  -1.0234585108807870e-01
   3.0252197333434211e-01   9.4535197572384444e-01  -1.2161454536740079e-01
   1.7050888059248254e-01   9.8144035269888530e-01  -8.7758508039883637e-02
   4.4880980922445315e-02   9.9611031436451347e-01  -7.5828353325582382e-02
  -8.0653777709977323e-02   9.9557689858493481e-01  -4.8183058694028093e-02
  -2.1424738195300680e-01   9.7674538357236507e-01  -8.1556726488913253e-03
  -3.4860945572897045e-01   9.3604706018812600e-01  -4.7826232232090503e-02
  -4.6719134739225898e-01   8.8060239695559916e-01  -7.9193834342447728e-02
  -5.7717367639445782e-01   8.1391826030231229e-01  -6.6389854825591593e-02
  -6.7449441725737302e-01   7.3671014252529876e-01  -4.8119091730734781e-02
  -7.6470033363195045e-01   6.4301813759609727e-01  -4.1965157757719820e-02
  -8.4140020417965833e-01   5.3759928810622726e-01  -5.5069972163666929e-02
  -8.9625441088632252e-01   4.3578339887312106e-01  -8.2588499401560128e-02
  -9.4296979014398474e-01   3.2745183355010343e-01  -5.9860434182227834e-02
  -9.7645746561965330e-01   2.1040474403340723e-01  -4.7546414416651292e-02
  -9.9435854881506058e-01   8.8359939173818389e-02  -5.8682174019083037e-02
   9.8770059184160908e-01   1.5617239848419706e-01  -7.5975540424766752e-03
