   0.0000000000000000e+00   0.0000000000000000e+00   1.0000000000000000e+00
   1.7046484213413482e-01   0.0000000000000000e+00   9.8536375902312567e-01
   1.0065793225613456e-01   1.4954128210856268e-01   9.8361851630560859e-01
  -3.0337827068212028e-02   1.9693898889024264e-01   9.7994624898698812e-01
  -1.3586933628317110e-01   5.3777175095080329e-02   9.8926616180720728e-01
  -1.5017182599182685e-01  -1.1023028095995308e-01   9.8249565283403173e-01
  -3.6784863417958016e-02  -1.9893451577841126e-01   9.7932218000785176e-01
   1.0314941892554405e-01  -1.3689568608177027e-01   9.8520036972563307e-01
   3.0303906788984469e-01   8.6709939480408435e-02   9.4902513650996512e-01
   2.3673595389695251e-01   2.2327583903479462e-01   9.4557072069507764e-01
   1.5544273760142430e-01   3.4362253425635952e-01   9.2615393389987377e-01
   8.5059479687018633e-03   3.4519894055313499e-01   9.3849099105433442e-01
  -1.5782832423610063e-01   3.1447736448637992e-01   9.3605245969150941e-01
  -2.2036915122239129e-01   1.8232939622722402e-01   9.5822410137761549e-01
  -3.0730137830391563e-01   3.9156128203058263e-02   9.5080632124353248e-01
  -3.1265214064220737e-01  -1.0047285587252681e-01   9.4453895853197278e-01
  -2.3554512150319104e-01  -2.4953265608399847e-01   9.3928267804943144e-01
  -1.4125528566256157e-01  -3.5940168195701788e-01   9.2243014655791400e-01
   9.4994443492550668e-03  -3.4328251962499962e-01   9.3918415248393494e-01
   1.5626166522246834e-01  -3.0256578709716808e-01   9.4023201203754614e-01
   2.5951903850070507e-01  -1.9509860217666269e-01   9.4582577892780118e-01
   3.3037628456994839e-01  -6.9497634398291541e-02   9.4128719815303863e-01
   4.7474139565439971e-01  -9.7983305008490021e-03   8.8007079259086252e-01
   4.4504852526153654e-01   1.4053561237838572e-01   8.8441028477509442e-01
   3.9354219872436602e-01   2.7431347960735086e-01   8.7742615229368393e-01
   3.1333207416496978e-01   3.9221476244747505e-01   8.6486449309573843e-01
   1.6392587953701165e-01   4.9232698780038675e-01   8.5483474607751819e-01
   7.5110168539095964e-03   4.9479459196142450e-01   8.6897750050939049e-01
  -1.4171108716703151e-01   4.6233683843200674e-01   8.7530715500482148e-01
  -2.9460161931882717e-01   4.1524250027574522e-01   8.6068783647700786e-01
  -3.4656214529156681e-01   2.8018374767984289e-01   8.9520486313859193e-01
  -4.1331795025210788e-01   1.4810542959485398e-01   8.9846149262164809e-01
  -4.7273869606161234e-01  -1.5855918741714187e-02   8.8105999516878686e-01
  -4.6828964829273373e-01  -1.5864172271480056e-01   8.6921666408091147e-01
  -3.7907249894258238e-01  -2.7511712579647990e-01   8.8352397117390635e-01
  -2.8138617724908171e-01  -4.2795756221321257e-01   8.5887958655312835e-01
  -1.4034482562395234e-01  -5.1434387063564124e-01   8.4602228851261907e-01
   4.0999239306211402e-03  -5.0103933538385526e-01   8.6541479940076582e-01
   1.4543219302401719e-01  -4.6804164427733885e-01   8.7165732742539936e-01
   2.8249627018322970e-01  -3.9914754024088245e-01   8.7228269411482473e-01
   3.8428718980349985e-01  -2.9346116274343265e-01   8.7533073847215115e-01
   4.5926908037574632e-01  -1.7006829437458212e-01   8.7186506241467021e-01
   6.0323538979372837e-01   4.0647671008162835e-02   7.9652672983523953e-01
   5.8002792228878042e-01   1.9490053149618775e-01   7.9093703427508322e-01
   5.3623797690925246e-01   3.2636992825851174e-01   7.7841602119227093e-01
   4.4710705228818759e-01   4.4598429317019200e-01   7.7536655463055160e-01
   2.9853062971584954e-01   5.4036875893569225e-01   7.8668994368032830e-01
   1.3013233773822624e-01   6.2738581182896147e-01   7.6775817663539025e-01
  -2.1224925126506602e-02   6.2872461622116638e-01   7.7733831727949776e-01
  -1.7298705298231204e-01   5.9379825304761780e-01   7.8579839283246955e-01
  -3.2281154485434810e-01   5.4532514477612071e-01   7.7357171159734905e-01
  -4.5059637996241075e-01   4.3107362638434515e-01   7.8175343363532512e-01
  -4.9792039135978111e-01   3.0063847306891744e-01   8.1344440029968379e-01
  -5.5097128494584047e-01   1.2607857193214378e-01   8.2494535386574586e-01
  -6.1360260316555881e-01  -3.0135888684832936e-02   7.8903971611169565e-01
  -6.2093110040937460e-01  -1.7562653822979588e-01   7.6393709663415421e-01
  -5.4605507880384074e-01  -2.9713069494605215e-01   7.8328615526728629e-01
  -4.2676512966685809e-01  -4.1002393714002083e-01   8.0607189200010321e-01
  -3.0980474568617777e-01  -5.5993851699908426e-01   7.6843339121305043e-01
  -1.8864584098954482e-01  -6.4412226723794852e-01   7.4129565729578661e-01
  -3.4174134746468660e-02  -6.4521711676246007e-01   7.6323456469886652e-01
   1.1525638750956338e-01  -6.2569335097067202e-01   7.7150748258804136e-01
   2.5262081225807970e-01  -5.7485886553648646e-01   7.7828016159232261e-01
   3.7852221424798171e-01  -5.0223037371801660e-01   7.7748671052042195e-01
   4.8464884558101712e-01  -3.8900271198238318e-01   7.8344903251413778e-01
   5.7502203921317085e-01  -2.6579177329247861e-01   7.7375990311540854e-01
   6.0259274349975034e-01  -1.1898510285177365e-01   7.8912896967529766e-01
   7.2519069969160399e-01  -2.6055389576845438e-02   6.8805491478137171e-01
   7.1099282764172100e-01   1.3438795834339920e-01   6.9023841945687348e-01
   6.9711589067229118e-01   2.7837564845840451e-01   6.6070903831984984e-01
   6.2641195286772600e-01   4.1003607039095363e-01   6.6293173576378650e-01
   5.0981835455594193e-01   5.3582402314650091e-01   6.7303630034119988e-01
   3.7246094869022955e-01   6.2326743573101639e-01   6.8761220557670266e-01
   2.3038912740496359e-01   6.9626845797759607e-01   6.7980223918363203e-01
   7.9350368496741805e-02   7.5838599737081114e-01   6.4695764777248854e-01
  -6.3810273774932424e-02   7.4142063084122090e-01   6.6799977329619975e-01
  -2.2065494293481588e-01   6.9836316153210554e-01   6.8088199474895461e-01
  -3.8789941201171119e-01   6.3291325081302119e-01   6.7004094136572157e-01
  -5.1049641852323824e-01   5.3441893100457016e-01   6.7363923049276109e-01
  -6.0606144139583318e-01   4.1622181527421925e-01   6.7782662218523015e-01
  -6.2207741335071842e-01   2.5294425949660015e-01   7.4097158743544000e-01
  -6.8902451215098581e-01   1.0079763446191933e-01   7.1769426536790526e-01
  -7.3998921449691568e-01  -5.2862977491262363e-02   6.7053819282647564e-01
  -7.4666644841614960e-01  -1.9528203680407541e-01   6.3588846577938885e-01
  -6.7435961423911495e-01  -3.2882408157255594e-01   6.6114584931105569e-01
  -5.6003210502682843e-01  -4.4363511134119216e-01   6.9967987631809692e-01
  -4.5252741615770975e-01  -5.5338261230013008e-01   6.9927578395759638e-01
  -3.7189870216638826e-01  -6.7393944926425720e-01   6.3835489663066403e-01
  -2.4733148670370539e-01  -7.4521665230674783e-01   6.1925703614061478e-01
  -9.1841604356774895e-02  -7.6212282168494372e-01   6.4088526615623886e-01
   6.7448965553619955e-02  -7.4945539823983676e-01   6.5861008426451717e-01
   2.3382308930435514e-01  -7.1383279095942209e-01   6.6012840376645632e-01
   3.6348771713440869e-01  -6.6799384208261581e-01   6.4935422261822673e-01
   4.7421080385180647e-01  -5.7357349171551164e-01   6.6793529859672740e-01
   5.8218045647454986e-01  -4.5055126010412133e-01   6.7680830234097544e-01
   6.7981053699546279e-01  -3.1737692511775867e-01   6.6115771279834368e-01
   7.2391772666723031e-01  -1.6976368371644451e-01   6.6867287720377311e-01
   8.2027166040159560e-01   4.8798855947003818e-02   5.6988865122958277e-01
   8.1569159252235135e-01   1.9246962925972111e-01   5.4552971294052877e-01
   7.7300633180017431e-01   3.4719829479808312e-01   5.3095626475835278e-01
   6.6715418100374069e-01   4.9823988767976135e-01   5.5377099336646984e-01
   5.5391892404300913e-01   6.2293851510007414e-01   5.5237797927863652e-01
   4.2904428330246086e-01   7.0948918994082244e-01   5.5905821908151332e-01
   2.9676196447034076e-01   7.7728541762651804e-01   5.5476095391517388e-01
   1.5549399763022689e-01   8.3248924061111584e-01   5.3177371218188141e-01
  -8.8562634004652504e-04   8.6114880540406002e-01   5.0835219151405864e-01
  -1.3782011306906289e-01   8.2386055897657939e-01   5.4978122539463725e-01
  -2.9833641772924874e-01   7.6330689784891081e-01   5.7302527130376346e-01
  -4.5368847743092794e-01   7.0572225693605151e-01   5.4417172060985697e-01
  -5.7491756186044174e-01   6.1512234527360332e-01   5.3953155367369132e-01
  -6.7019219183196699e-01   5.0663178991583080e-01   5.4237132617252670e-01
  -7.1239299338800777e-01   3.3236594740953262e-01   6.1808502649250274e-01
  -7.6561783036002518e-01   1.8035107139929582e-01   6.1749722985608113e-01
  -8.2252406206966955e-01   3.4661036214086657e-02   5.6767312767558087e-01
  -8.5513719759153761e-01  -9.9334638729804525e-02   5.0879563956829543e-01
  -8.1995874479744857e-01  -2.5811130372542374e-01   5.1092681640265725e-01
  -7.2867716768144486e-01  -4.0826353732417670e-01   5.4986404627989471e-01
  -6.2563293193049341e-01  -5.2626944327154368e-01   5.7586796018072928e-01
  -5.3384563490014481e-01  -6.3352860506948860e-01   5.6004494878247890e-01
  -4.4714763598543139e-01  -7.4215489268454093e-01   4.9926456603391905e-01
  -3.1875375794790445e-01  -8.1777814444307950e-01   4.7920240845108714e-01
  -1.7095450307850640e-01  -8.5275983760224383e-01   4.9353340033859466e-01
  -1.8000859258446255e-02  -8.4977434913890038e-01   5.2683918287416309e-01
   1.5901540067348477e-01  -8.1980796022907509e-01   5.5011726994677634e-01
   3.1613622839104311e-01  -7.9961327816282390e-01   5.1056487392337180e-01
   4.4177363016266269e-01  -7.4488689254092622e-01   4.9997957659651021e-01
   5.4265826664365480e-01  -6.4478163491437779e-01   5.3831092216343346e-01
   6.4416518424273861e-01  -5.2181736059137340e-01   5.5924758166215705e-01
   7.4420666076793207e-01  -3.8863711381276872e-01   5.4324731001259929e-01
   8.1159842703944418e-01  -2.3642702149193509e-01   5.3423801506028368e-01
   8.3913996311473327e-01  -9.6883352902669265e-02   5.3521746816984672e-01
   9.1131838642231711e-01  -1.3404922303391706e-02   4.1148402961313640e-01
   9.0434844601707387e-01   1.3103295764591705e-01   4.0618253556383588e-01
   8.7455020789821725e-01   2.7681259048375428e-01   3.9816670329757403e-01
   7.9175661870481973e-01   4.4017397852743800e-01   4.2351897875353495e-01
   6.9931302317070410e-01   5.7641380663014308e-01   4.2273918572803065e-01
   5.9493062383795070e-01   6.9184171012512730e-01   4.0916084972896200e-01
   4.7329525773940090e-01   7.7955361071886320e-01   4.1022892025864910e-01
   3.4177071341354348e-01   8.4695260755456536e-01   4.0726411578890642e-01
   2.0310143978498710e-01   8.9861616945395850e-01   3.8889431103213618e-01
   5.1719181085801882e-02   9.2666298715560336e-01   3.7231818991780163e-01
  -1.1435592468728564e-01   9.1837996259729993e-01   3.7881521456865724e-01
  -2.5051381328822736e-01   8.6374964663992104e-01   4.3724064001554397e-01
  -3.9527860429936712e-01   8.1356114761300946e-01   4.2646580645785365e-01
  -5.3545006614415136e-01   7.4789914782386069e-01   3.9235199929472370e-01
  -6.5019468434685468e-01   6.5115956861819324e-01   3.9145636876165729e-01
  -7.4954654442570756e-01   5.5031226788809384e-01   3.6788093936944294e-01
  -7.7193955970928163e-01   4.2810309974722510e-01   4.6993302942297838e-01
  -8.2309933002048252e-01   2.8129113594308502e-01   4.9333841301857045e-01
  -8.7717325844677041e-01   1.4134727821174961e-01   4.5889870517141984e-01
  -9.2240232518088638e-01   1.4546250191469358e-02   3.8595641866182445e-01
  -9.1444165347133677e-01  -1.5258787499426738e-01   3.7485117420296482e-01
  -8.5111842601409771e-01  -3.3958256575610152e-01   4.0035122821566060e-01
  -7.7389236072417655e-01  -4.7755654660786667e-01   4.1596918011401912e-01
  -6.8290593997725169e-01  -5.9374890720661344e-01   4.2556046848214019e-01
  -5.9527951996429951e-01  -6.9908894795448140e-01   3.9612742389156747e-01
  -4.9042402358432058e-01  -7.9998204265939499e-01   3.4570653524899930e-01
  -3.5344199647595692e-01  -8.7469917061033653e-01   3.3163250151437079e-01
  -1.9704342600983396e-01  -9.1803717683941100e-01   3.4406631658305536e-01
  -4.0442912274781639e-02  -9.2665484170936085e-01   3.7373142118817565e-01
   1.1024624245269296e-01  -8.9971757934602947e-01   4.2231983548109991e-01
   2.6748234759509054e-01  -8.8255143050695928e-01   3.8672492321434249e-01
   4.0760252675357167e-01  -8.5202653301887765e-01   3.2849804750703654e-01
   5.2250088867458144e-01  -7.7869589036647935e-01   3.4731186513079082e-01
   6.2074247814313399e-01  -6.7539628367287319e-01   3.9814398881509250e-01
   7.1560065247209514e-01  -5.5541389398929675e-01   4.2359309784881771e-01
   8.0831736922096054e-01  -4.2348332178748876e-01   4.0900477599111168e-01
   8.7469935089235784e-01  -2.8027039890220479e-01   3.9541060816281448e-01
   9.2186993183743238e-01  -1.5132998356813826e-01   3.5672827873230756e-01
   9.6426467297841689e-01   8.6532379414144919e-02   2.5041123728529679e-01
   9.4720716300738528e-01   2.2521345494555586e-01   2.2820492996205577e-01
   8.8996338302923339e-01   3.6505204773302147e-01   2.7331699419006106e-01
   8.2205654950720553e-01   5.0019850075442363e-01   2.7207441859780584e-01
   7.3740387064456425e-01   6.1969873147683363e-01   2.6871734920622042e-01
   6.3338797032633554e-01   7.3098117402408613e-01   2.5394133627326931e-01
   5.0806274573568821e-01   8.2335067860309463e-01   2.5291482052133057e-01
   3.7505266919684815e-01   8.9358168342835731e-01   2.4667239482694994e-01
   2.3245461873135340e-01   9.4418272975187134e-01   2.3341770084714139e-01
   7.8004856201186926e-02   9.7209940499826164e-01   2.2121932377407236e-01
  -8.0941093093408273e-02   9.6978397182460119e-01   2.3014688231854319e-01
  -2.4427453778385719e-01   9.3173896480682050e-01   2.6868653046105112e-01
  -3.8164672927452659e-01   8.8114020377775082e-01   2.7917327114277996e-01
  -5.2387490709469486e-01   8.1466688170192170e-01   2.4874274577280014e-01
  -6.5721718587718514e-01   7.1634745200538852e-01   2.3433287988044124e-01
  -7.6630777154261664e-01   6.0762530767101564e-01   2.0871963192544291e-01
  -8.4455324002219534e-01   4.7086712817238707e-01   2.5497837628846315e-01
  -8.6763075069978202e-01   3.6123752862589398e-01   3.4164942316999319e-01
  -9.1996843352520086e-01   2.2307033983567429e-01   3.2233166894176690e-01
  -9.6421658417387801e-01   7.7922525307882032e-02   2.5340571985198201e-01
  -9.6938955776785174e-01  -8.5653551533689920e-02   2.3010292132068688e-01
  -9.2805755611635188e-01  -2.5948901345153941e-01   2.6716029726232016e-01
  -8.8264848040905730e-01  -4.0359987382784662e-01   2.4091243612094468e-01
  -8.1040929113172699e-01  -5.2508440957644142e-01   2.5985215732629896e-01
  -7.2461771727928159e-01  -6.4036334366899283e-01   2.5468402362541426e-01
  -6.2978440651368550e-01  -7.4330552968745012e-01   2.2554044171337437e-01
  -5.0724659689375162e-01  -8.4014463305025233e-01   1.9198407615363466e-01
  -3.4663971401445520e-01  -9.1856349444731911e-01   1.8995266604263988e-01
  -1.7127745973008857e-01  -9.6354339890093621e-01   2.0554354823939189e-01
   3.0255200454803832e-03  -9.7255187361599860e-01   2.3266649813513154e-01
   1.5008232159713586e-01  -9.5220377110949483e-01   2.6605126391143258e-01
   2.8810550134095042e-01  -9.3317355828809212e-01   2.1490074501736922e-01
   4.3777742838814637e-01  -8.8341078024534159e-01   1.6714160625104088e-01
   5.6932066771278100e-01  -8.0412649217738197e-01   1.7103965006270325e-01
   6.6130573910155876e-01  -7.1227907724695572e-01   2.3523017567388393e-01
   7.5712478694456375e-01  -5.9353044312808079e-01   2.7291696553042089e-01
   8.4514301094578326e-01  -4.6738319977169585e-01   2.5939590517328293e-01
   9.1147818325238961e-01  -3.3533695509451639e-01   2.3823653792578003e-01
   9.5904304882862956e-01  -2.1453790712036797e-01   1.8495923037766790e-01
   9.7188883425937267e-01  -5.8755342899668821e-02   2.2799101632016117e-01
   9.9579108383922965e-01   4.6745946438515616e-02   7.8834851670181630e-02
   9.8020738647305694e-01   1.8985341925321134e-01   5.6117365418588874e-02
   9.3856069159575206e-01   3.3279029628743451e-01   9.1402663463517914e-02
   8.8053197598650501e-01   4.6158895114952420e-01   1.0769902247459384e-01
   8.0596374485273159e-01   5.8419363555797110e-01   9.5604592758513351e-02
   7.1526413431956282e-01   6.9182195602856145e-01   9.8891856656154797e-02
   5.9392924525147528e-01   7.9850031166520075e-01   9.8210508122045126e-02
   4.5651826590267686e-01   8.8509622938840160e-01   9.0530313263828002e-02
   3.0616043879022448e-01   9.4846771022015097e-01   8.1699378146475585e-02
   1.4384908567726359e-01   9.8704683811208604e-01   7.1035061221545376e-02
  -1.9478616317983012e-02   9.9770893131327310e-01   6.4787899210142011e-02
  -1.7339136759502066e-01   9.8025089212947292e-01   9.5097960666361850e-02
  -3.1797001963974941e-01   9.4116847960036110e-01   1.1444194867723129e-01
  -4.6980171303799850e-01   8.7505830898628167e-01   1.1644443439096351e-01
  -6.3381350735601760e-01   7.6700808986115843e-01   9.9895084867077960e-02
  -7.6690903369721553e-01   6.3886521907203431e-01   6.0842139127786535e-02
  -8.5572402110593049e-01   5.1318696614729853e-01   6.6147845609880782e-02
  -9.1096353866630153e-01   3.9251265995802104e-01   1.2680395495901747e-01
  -9.4878156850554218e-01   2.6259262199954508e-01   1.7566630335829078e-01
  -9.8737764061230160e-01   1.1975575201371662e-01   1.0365304953793511e-01
  -9.9592251605543791e-01  -3.7904362720145510e-02   8.1863308634489013e-02
  -9.7270152882953975e-01  -2.0446272066326235e-01   1.0975760416323257e-01
  -9.3582954471362323e-01  -3.4270241725161094e-01   8.2329317080827774e-02
  -8.7701010179580441e-01  -4.7545906609287314e-01   6.9223968523955862e-02
  -8.0219296639170601e-01  -5.9064400643988868e-01   8.7327557668309075e-02
  -7.1086923214825060e-01  -6.9979644653121431e-01   7.0355299780770555e-02
  -5.9666427325767979e-01  -8.0075004741908484e-01   5.2830924430851231e-02
  -4.4379520484758650e-01  -8.9444611686693198e-01   5.4881328117633819e-02
  -2.6739958359300015e-01  -9.6154068830088857e-01   6.2745258276171945e-02
  -8.6199834246015961e-02  -9.9310855381042862e-01   7.9403960383084102e-02
   8.4195451232158991e-02  -9.9243690589141420e-01   8.9331482784567734e-02
   2.2450405600367418e-01  -9.7196742166047345e-01   6.9837383030798464e-02
   3.7306270385071300e-01  -9.2720907569881772e-01   3.3279857832318599e-02
   5.3548711461494247e-01  -8.4443939457617601e-01   1.3253639846646540e-02
   6.7580929888079266e-01  -7.3559419475774446e-01   4.6722287882304404e-02
   7.6932714941756475e-01  -6.2902075020039405e-01   1.1166303321322413e-01
   8.5699712243351411e-01  -5.0591426850091281e-01   9.8013698368455207e-02
   9.2339228570379739e-01  -3.7801658953676315e-01   6.6709405166820099e-02
   9.6479709414232884e-01  -2.6298336594323057e-01   2.5132392817603000e-03
   9.9206363029223710e-01  -1.1119326984594205e-01   5.8701023776039002e-02
  -0.0000000000000000e+00  -0.0000000000000000e+00  -1.0000000000000000e+00
  -1.7046484213413482e-01  -0.0000000000000000e+00  -9.8536375902312567e-01
  -1.0065793225613456e-01  -1.4954128210856268e-01  -9.8361851630560859e-01
   3.0337827068212028e-02  -1.9693898889024264e-01  -9.7994624898698812e-01
   1.3586933628317110e-01  -5.3777175095080329e-02  -9.8926616180720728e-01
   1.5017182599182685e-01   1.1023028095995308e-01  -9.8249565283403173e-01
   3.6784863417958016e-02   1.9893451577841126e-01  -9.7932218000785176e-01
  -1.0314941892554405e-01   1.3689568608177027e-01  -9.8520036972563307e-01
  -3.0303906788984469e-01  -8.6709939480408435e-02  -9.4902513650996512e-01
  -2.3673595389695251e-01  -2.2327583903479462e-01  -9.4557072069507764e-01
  -1.5544273760142430e-01  -3.4362253425635952e-01  -9.2615393389987377e-01
  -8.5059479687018633e-03  -3.4519894055313499e-01  -9.3849099105433442e-01
   1.5782832423610063e-01  -3.1447736448637992e-01  -9.3605245969150941e-01
   2.2036915122239129e-01  -1.8232939622722402e-01  -9.5822410137761549e-01
   3.0730137830391563e-01  -3.9156128203058263e-02  -9.5080632124353248e-01
   3.1265214064220737e-01   1.0047285587252681e-01  -9.4453895853197278e-01
   2.3554512150319104e-01   2.4953265608399847e-01  -9.3928267804943144e-01
   1.4125528566256157e-01   3.5940168195701788e-01  -9.2243014655791400e-01
  -9.4994443492550668e-03   3.4328251962499962e-01  -9.3918415248393494e-01
  -1.5626166522246834e-01   3.0256578709716808e-01  -9.4023201203754614e-01
  -2.5951903850070507e-01   1.9509860217666269e-01  -9.4582577892780118e-01
  -3.3037628456994839e-01   6.9497634398291541e-02  -9.4128719815303863e-01
  -4.7474139565439971e-01   9.7983305008490021e-03  -8.8007079259086252e-01
  -4.4504852526153654e-01  -1.4053561237838572e-01  -8.8441028477509442e-01
  -3.9354219872436602e-01  -2.7431347960735086e-01  -8.7742615229368393e-01
  -3.1333207416496978e-01  -3.9221476244747505e-01  -8.6486449309573843e-01
  -1.6392587953701165e-01  -4.9232698780038675e-01  -8.5483474607751819e-01
  -7.5110168539095964e-03  -4.9479459196142450e-01  -8.6897750050939049e-01
   1.4171108716703151e-01  -4.6233683843200674e-01  -8.7530715500482148e-01
   2.9460161931882717e-01  -4.1524250027574522e-01  -8.6068783647700786e-01
   3.4656214529156681e-01  -2.8018374767984289e-01  -8.9520486313859193e-01
   4.1331795025210788e-01  -1.4810542959485398e-01  -8.9846149262164809e-01
   4.7273869606161234e-01   1.5855918741714187e-02  -8.8105999516878686e-01
   4.6828964829273373e-01   1.5864172271480056e-01  -8.6921666408091147e-01
   3.7907249894258238e-01   2.7511712579647990e-01  -8.8352397117390635e-01
   2.8138617724908171e-01   4.2795756221321257e-01  -8.5887958655312835e-01
   1.4034482562395234e-01   5.1434387063564124e-01  -8.4602228851261907e-01
  -4.0999239306211402e-03   5.0103933538385526e-01  -8.6541479940076582e-01
  -1.4543219302401719e-01   4.6804164427733885e-01  -8.7165732742539936e-01
  -2.8249627018322970e-01   3.9914754024088245e-01  -8.7228269411482473e-01
  -3.8428718980349985e-01   2.9346116274343265e-01  -8.7533073847215115e-01
  -4.5926908037574632e-01   1.7006829437458212e-01  -8.7186506241467021e-01
  -6.0323538979372837e-01  -4.0647671008162835e-02  -7.9652672983523953e-01
  -5.8002792228878042e-01  -1.9490053149618775e-01  -7.9093703427508322e-01
  -5.3623797690925246e-01  -3.2636992825851174e-01  -7.7841602119227093e-01
  -4.4710705228818759e-01  -4.4598429317019200e-01  -7.7536655463055160e-01
  -2.9853062971584954e-01  -5.4036875893569225e-01  -7.8668994368032830e-01
  -1.3013233773822624e-01  -6.2738581182896147e-01  -7.6775817663539025e-01
   2.1224925126506602e-02  -6.2872461622116638e-01  -7.7733831727949776e-01
   1.7298705298231204e-01  -5.9379825304761780e-01  -7.8579839283246955e-01
   3.2281154485434810e-01  -5.4532514477612071e-01  -7.7357171159734905e-01
   4.5059637996241075e-01  -4.3107362638434515e-01  -7.8175343363532512e-01
   4.9792039135978111e-01  -3.0063847306891744e-01  -8.1344440029968379e-01
   5.5097128494584047e-01  -1.2607857193214378e-01  -8.2494535386574586e-01
   6.1360260316555881e-01   3.0135888684832936e-02  -7.8903971611169565e-01
   6.2093110040937460e-01   1.7562653822979588e-01  -7.6393709663415421e-01
   5.4605507880384074e-01   2.9713069494605215e-01  -7.8328615526728629e-01
   4.2676512966685809e-01   4.1002393714002083e-01  -8.0607189200010321e-01
   3.0980474568617777e-01   5.5993851699908426e-01  -7.6843339121305043e-01
   1.8864584098954482e-01   6.4412226723794852e-01  -7.4129565729578661e-01
   3.4174134746468660e-02   6.4521711676246007e-01  -7.6323456469886652e-01
  -1.1525638750956338e-01   6.2569335097067202e-01  -7.7150748258804136e-01
  -2.5262081225807970e-01   5.7485886553648646e-01  -7.7828016159232261e-01
  -3.7852221424798171e-01   5.0223037371801660e-01  -7.7748671052042195e-01
  -4.8464884558101712e-01   3.8900271198238318e-01  -7.8344903251413778e-01
  -5.7502203921317085e-01   2.6579177329247861e-01  -7.7375990311540854e-01
  -6.0259274349975034e-01   1.1898510285177365e-01  -7.8912896967529766e-01
  -7.2519069969160399e-01   2.6055389576845438e-02  -6.8805491478137171e-01
  -7.1099282764172100e-01  -1.3438795834339920e-01  -6.9023841945687348e-01
  -6.9711589067229118e-01  -2.7837564845840451e-01  -6.6070903831984984e-01
  -6.2641195286772600e-01  -4.1003607039095363e-01  -6.6293173576378650e-01
  -5.0981835455594193e-01  -5.3582402314650091e-01  -6.7303630034119988e-01
  -3.7246094869022955e-01  -6.2326743573101639e-01  -6.8761220557670266e-01
  -2.3038912740496359e-01  -6.9626845797759607e-01  -6.7980223918363203e-01
  -7.9350368496741805e-02  -7.5838599737081114e-01  -6.4695764777248854e-01
   6.3810273774932424e-02  -7.4142063084122090e-01  -6.6799977329619975e-01
   2.2065494293481588e-01  -6.9836316153210554e-01  -6.8088199474895461e-01
   3.8789941201171119e-01  -6.3291325081302119e-01  -6.7004094136572157e-01
   5.1049641852323824e-01  -5.3441893100457016e-01  -6.7363923049276109e-01
   6.0606144139583318e-01  -4.1622181527421925e-01  -6.7782662218523015e-01
   6.2207741335071842e-01  -2.5294425949660015e-01  -7.4097158743544000e-01
   6.8902451215098581e-01  -1.0079763446191933e-01  -7.1769426536790526e-01
   7.3998921449691568e-01   5.2862977491262363e-02  -6.7053819282647564e-01
   7.4666644841614960e-01   1.9528203680407541e-01  -6.3588846577938885e-01
   6.7435961423911495e-01   3.2882408157255594e-01  -6.6114584931105569e-01
   5.6003210502682843e-01   4.4363511134119216e-01  -6.9967987631809692e-01
   4.5252741615770975e-01   5.5338261230013008e-01  -6.9927578395759638e-01
   3.7189870216638826e-01   6.7393944926425720e-01  -6.3835489663066403e-01
   2.4733148670370539e-01   7.4521665230674783e-01  -6.1925703614061478e-01
   9.1841604356774895e-02   7.6212282168494372e-01  -6.4088526615623886e-01
  -6.7448965553619955e-02   7.4945539823983676e-01  -6.5861008426451717e-01
  -2.3382308930435514e-01   7.1383279095942209e-01  -6.6012840376645632e-01
  -3.6348771713440869e-01   6.6799384208261581e-01  -6.4935422261822673e-01
  -4.7421080385180647e-01   5.7357349171551164e-01  -6.6793529859672740e-01
  -5.8218045647454986e-01   4.5055126010412133e-01  -6.7680830234097544e-01
  -6.7981053699546279e-01   3.1737692511775867e-01  -6.6115771279834368e-01
  -7.2391772666723031e-01   1.6976368371644451e-01  -6.6867287720377311e-01
  -8.2027166040159560e-01  -4.8798855947003818e-02  -5.6988865122958277e-01
  -8.1569159252235135e-01  -1.9246962925972111e-01  -5.4552971294052877e-01
  -7.7300633180017431e-01  -3.4719829479808312e-01  -5.3095626475835278e-01
  -6.6715418100374069e-01  -4.9823988767976135e-01  -5.5377099336646984e-01
  -5.5391892404300913e-01  -6.2293851510007414e-01  -5.5237797927863652e-01
  -4.2904428330246086e-01  -7.0948918994082244e-01  -5.5905821908151332e-01
  -2.9676196447034076e-01  -7.7728541762651804e-01  -5.5476095391517388e-01
  -1.5549399763022689e-01  -8.3248924061111584e-01  -5.3177371218188141e-01
   8.8562634004652504e-04  -8.6114880540406002e-01  -5.0835219151405864e-01
   1.3782011306906289e-01  -8.2386055897657939e-01  -5.4978122539463725e-01
   2.9833641772924874e-01  -7.6330689784891081e-01  -5.7302527130376346e-01
   4.5368847743092794e-01  -7.0572225693605151e-01  -5.4417172060985697e-01
   5.7491756186044174e-01  -6.1512234527360332e-01  -5.3953155367369132e-01
   6.7019219183196699e-01  -5.0663178991583080e-01  -5.4237132617252670e-01
   7.1239299338800777e-01  -3.3236594740953262e-01  -6.1808502649250274e-01
   7.6561783036002518e-01  -1.8035107139929582e-01  -6.1749722985608113e-01
   8.2252406206966955e-01  -3.4661036214086657e-02  -5.6767312767558087e-01
   8.5513719759153761e-01   9.9334638729804525e-02  -5.0879563956829543e-01
   8.1995874479744857e-01   2.5811130372542374e-01  -5.1092681640265725e-01
   7.2867716768144486e-01   4.0826353732417670e-01  -5.4986404627989471e-01
   6.2563293193049341e-01   5.2626944327154368e-01  -5.7586796018072928e-01
   5.3384563490014481e-01   6.3352860506948860e-01  -5.6004494878247890e-01
   4.4714763598543139e-01   7.4215489268454093e-01  -4.9926456603391905e-01
   3.1875375794790445e-01   8.1777814444307950e-01  -4.7920240845108714e-01
   1.7095450307850640e-01   8.5275983760224383e-01  -4.9353340033859466e-01
   1.8000859258446255e-02   8.4977434913890038e-01  -5.2683918287416309e-01
  -1.5901540067348477e-01   8.1980796022907509e-01  -5.5011726994677634e-01
  -3.1613622839104311e-01   7.9961327816282390e-01  -5.1056487392337180e-01
  -4.4177363016266269e-01   7.4488689254092622e-01  -4.9997957659651021e-01
  -5.4265826664365480e-01   6.4478163491437779e-01  -5.3831092216343346e-01
  -6.4416518424273861e-01   5.2181736059137340e-01  -5.5924758166215705e-01
  -7.4420666076793207e-01   3.8863711381276872e-01  -5.4324731001259929e-01
  -8.1159842703944418e-01   2.3642702149193509e-01  -5.3423801506028368e-01
  -8.3913996311473327e-01   9.6883352902669265e-02  -5.3521746816984672e-01
  -9.1131838642231711e-01   1.3404922303391706e-02  -4.1148402961313640e-01
  -9.0434844601707387e-01  -1.3103295764591705e-01  -4.0618253556383588e-01
  -8.7455020789821725e-01  -2.7681259048375428e-01  -3.9816670329757403e-01
  -7.9175661870481973e-01  -4.4017397852743800e-01  -4.2351897875353495e-01
  -6.9931302317070410e-01  -5.7641380663014308e-01  -4.2273918572803065e-01
  -5.9493062383795070e-01  -6.9184171012512730e-01  -4.0916084972896200e-01
  -4.7329525773940090e-01  -7.7955361071886320e-01  -4.1022892025864910e-01
  -3.4177071341354348e-01  -8.4695260755456536e-01  -4.0726411578890642e-01
  -2.0310143978498710e-01  -8.9861616945395850e-01  -3.8889431103213618e-01
  -5.1719181085801882e-02  -9.2666298715560336e-01  -3.7231818991780163e-01
   1.1435592468728564e-01  -9.1837996259729993e-01  -3.7881521456865724e-01
   2.5051381328822736e-01  -8.6374964663992104e-01  -4.3724064001554397e-01
   3.9527860429936712e-01  -8.1356114761300946e-01  -4.2646580645785365e-01
   5.3545006614415136e-01  -7.4789914782386069e-01  -3.9235199929472370e-01
   6.5019468434685468e-01  -6.5115956861819324e-01  -3.9145636876165729e-01
   7.4954654442570756e-01  -5.5031226788809384e-01  -3.6788093936944294e-01
   7.7193955970928163e-01  -4.2810309974722510e-01  -4.6993302942297838e-01
   8.2309933002048252e-01  -2.8129113594308502e-01  -4.9333841301857045e-01
   8.7717325844677041e-01  -1.4134727821174961e-01  -4.5889870517141984e-01
   9.2240232518088638e-01  -1.4546250191469358e-02  -3.8595641866182445e-01
   9.1444165347133677e-01   1.5258787499426738e-01  -3.7485117420296482e-01
   8.5111842601409771e-01   3.3958256575610152e-01  -4.0035122821566060e-01
   7.7389236072417655e-01   4.7755654660786667e-01  -4.1596918011401912e-01
   6.8290593997725169e-01   5.9374890720661344e-01  -4.2556046848214019e-01
   5.9527951996429951e-01   6.9908894795448140e-01  -3.9612742389156747e-01
   4.9042402358432058e-01   7.9998204265939499e-01  -3.4570653524899930e-01
   3.5344199647595692e-01   8.7469917061033653e-01  -3.3163250151437079e-01
   1.9704342600983396e-01   9.1803717683941100e-01  -3.4406631658305536e-01
   4.0442912274781639e-02   9.2665484170936085e-01  -3.7373142118817565e-01
  -1.1024624245269296e-01   8.9971757934602947e-01  -4.2231983548109991e-01
  -2.6748234759509054e-01   8.8255143050695928e-01  -3.8672492321434249e-01
  -4.0760252675357167e-01   8.5202653301887765e-01  -3.2849804750703654e-01
  -5.2250088867458144e-01   7.7869589036647935e-01  -3.4731186513079082e-01
  -6.2074247814313399e-01   6.7539628367287319e-01  -3.9814398881509250e-01
  -7.1560065247209514e-01   5.5541389398929675e-01  -4.2359309784881771e-01
  -8.0831736922096054e-01   4.2348332178748876e-01  -4.0900477599111168e-01
  -8.7469935089235784e-01   2.8027039890220479e-01  -3.9541060816281448e-01
  -9.2186993183743238e-01   1.5132998356813826e-01  -3.5672827873230756e-01
  -9.6426467297841689e-01  -8.6532379414144919e-02  -2.5041123728529679e-01
  -9.4720716300738528e-01  -2.2521345494555586e-01  -2.2820492996205577e-01
  -8.8996338302923339e-01  -3.6505204773302147e-01  -2.7331699419006106e-01
  -8.2205654950720553e-01  -5.0019850075442363e-01  -2.7207441859780584e-01
  -7.3740387064456425e-01  -6.1969873147683363e-01  -2.6871734920622042e-01
  -6.3338797032633554e-01  -7.3098117402408613e-01  -2.5394133627326931e-01
  -5.0806274573568821e-01  -8.2335067860309463e-01  -2.5291482052133057e-01
  -3.7505266919684815e-01  -8.9358168342835731e-01  -2.4667239482694994e-01
  -2.3245461873135340e-01  -9.4418272975187134e-01  -2.3341770084714139e-01
  -7.8004856201186926e-02  -9.7209940499826164e-01  -2.2121932377407236e-01
   8.0941093093408273e-02  -9.6978397182460119e-01  -2.3014688231854319e-01
   2.4427453778385719e-01  -9.3173896480682050e-01  -2.6868653046105112e-01
   3.8164672927452659e-01  -8.8114020377775082e-01  -2.7917327114277996e-01
   5.2387490709469486e-01  -8.1466688170192170e-01  -2.4874274577280014e-01
   6.5721718587718514e-01  -7.1634745200538852e-01  -2.3433287988044124e-01
   7.6630777154261664e-01  -6.0762530767101564e-01  -2.0871963192544291e-01
   8.4455324002219534e-01  -4.7086712817238707e-01  -2.5497837628846315e-01
   8.6763075069978202e-01  -3.6123752862589398e-01  -3.4164942316999319e-01
   9.1996843352520086e-01  -2.2307033983567429e-01  -3.2233166894176690e-01
   9.6421658417387801e-01  -7.7922525307882032e-02  -2.5340571985198201e-01
   9.6938955776785174e-01   8.5653551533689920e-02  -2.3010292132068688e-01
   9.2805755611635188e-01   2.5948901345153941e-01  -2.6716029726232016e-01
   8.8264848040905730e-01   4.0359987382784662e-01  -2.4091243612094468e-01
   8.1040929113172699e-01   5.2508440957644142e-01  -2.5985215732629896e-01
   7.2461771727928159e-01   6.4036334366899283e-01  -2.5468402362541426e-01
   6.2978440651368550e-01   7.4330552968745012e-01  -2.2554044171337437e-01
   5.0724659689375162e-01   8.4014463305025233e-01  -1.9198407615363466e-01
   3.4663971401445520e-01   9.1856349444731911e-01  -1.8995266604263988e-01
   1.7127745973008857e-01   9.6354339890093621e-01  -2.0554354823939189e-01
  -3.0255200454803832e-03   9.7255187361599860e-01  -2.3266649813513154e-01
  -1.5008232159713586e-01   9.5220377110949483e-01  -2.6605126391143258e-01
  -2.8810550134095042e-01   9.3317355828809212e-01  -2.1490074501736922e-01
  -4.3777742838814637e-01   8.8341078024534159e-01  -1.6714160625104088e-01
  -5.6932066771278100e-01   8.0412649217738197e-01  -1.7103965006270325e-01
  -6.6130573910155876e-01   7.1227907724695572e-01  -2.3523017567388393e-01
  -7.5712478694456375e-01   5.9353044312808079e-01  -2.7291696553042089e-01
  -8.4514301094578326e-01   4.6738319977169585e-01  -2.5939590517328293e-01
  -9.1147818325238961e-01   3.3533695509451639e-01  -2.3823653792578003e-01
  -9.5904304882862956e-01   2.1453790712036797e-01  -1.8495923037766790e-01
  -9.7188883425937267e-01   5.8755342899668821e-02  -2.2799101632016117e-01
  -9.9579108383922965e-01  -4.6745946438515616e-02  -7.8834851670181630e-02
  -9.8020738647305694e-01  -1.8985341925321134e-01  -5.6117365418588874e-02
  -9.3856069159575206e-01  -3.3279029628743451e-01  -9.1402663463517914e-02
  -8.8053197598650501e-01  -4.6158895114952420e-01  -1.0769902247459384e-01
  -8.0596374485273159e-01  -5.8419363555797110e-01  -9.5604592758513351e-02
  -7.1526413431956282e-01  -6.9182195602856145e-01  -9.8891856656154797e-02
  -5.9392924525147528e-01  -7.9850031166520075e-01  -9.8210508122045126e-02
  -4.5651826590267686e-01  -8.8509622938840160e-01  -9.0530313263828002e-02
  -3.0616043879022448e-01  -9.4846771022015097e-01  -8.1699378146475585e-02
  -1.4384908567726359e-01  -9.8704683811208604e-01  -7.1035061221545376e-02
   1.9478616317983012e-02  -9.9770893131327310e-01  -6.4787899210142011e-02
   1.7339136759502066e-01  -9.8025089212947292e-01  -9.5097960666361850e-02
   3.1797001963974941e-01  -9.4116847960036110e-01  -1.1444194867723129e-01
   4.6980171303799850e-01  -8.7505830898628167e-01  -1.1644443439096351e-01
   6.3381350735601760e-01  -7.6700808986115843e-01  -9.9895084867077960e-02
   7.6690903369721553e-01  -6.3886521907203431e-01  -6.0842139127786535e-02
   8.5572402110593049e-01  -5.1318696614729853e-01  -6.6147845609880782e-02
   9.1096353866630153e-01  -3.9251265995802104e-01  -1.2680395495901747e-01
   9.4878156850554218e-01  -2.6259262199954508e-01  -1.7566630335829078e-01
   9.8737764061230160e-01  -1.1975575201371662e-01  -1.0365304953793511e-01
   9.9592251605543791e-01   3.7904362720145510e-02  -8.1863308634489013e-02
   9.7270152882953975e-01   2.0446272066326235e-01  -1.0975760416323257e-01
   9.3582954471362323e-01   3.4270241725161094e-01  -8.2329317080827774e-02
   8.7701010179580441e-01   4.7545906609287314e-01  -6.9223968523955862e-02
   8.0219296639170601e-01   5.9064400643988868e-01  -8.7327557668309075e-02
   7.1086923214825060e-01   6.9979644653121431e-01  -7.0355299780770555e-02
   5.9666427325767979e-01   8.0075004741908484e-01  -5.2830924430851231e-02
   4.4379520484758650e-01   8.9444611686693198e-01  -5.4881328117633819e-02
   2.6739958359300015e-01   9.6154068830088857e-01  -6.2745258276171945e-02
   8.6199834246015961e-02   9.9310855381042862e-01  -7.9403960383084102e-02
  -8.4195451232158991e-02   9.9243690589141420e-01  -8.9331482784567734e-02
  -2.2450405600367418e-01   9.7196742166047345e-01  -6.9837383030798464e-02
  -3.7306270385071300e-01   9.2720907569881772e-01  -3.3279857832318599e-02
  -5.3548711461494247e-01   8.4443939457617601e-01  -1.3253639846646540e-02
  -6.7580929888079266e-01   7.3559419475774446e-01  -4.6722287882304404e-02
  -7.6932714941756475e-01   6.2902075020039405e-01  -1.1166303321322413e-01
  -8.5699712243351411e-01   5.0591426850091281e-01  -9.8013698368455207e-02
  -9.2339228570379739e-01   3.7801658953676315e-01  -6.6709405166820099e-02
  -9.6479709414232884e-01   2.6298336594323057e-01  -2.5132392817603000e-03
  -9.9206363029223710e-01   1.1119326984594205e-01  -5.8701023776039002e-02
