   0.0000000000000000e+00   0.0000000000000000e+00   1.0000000000000000e+00
   1.4945627884328880e-01   0.0000000000000000e+00   9.8876833521018315e-01
   1.0666817983954069e-01   1.2184456320559037e-01   9.8680079135910626e-01
  -2.4137976112104016e-02   1.3632934199502431e-01   9.9036946066627840e-01
  -1.2665415558427540e-01   1.3961789948784963e-02   9.9184867459439607e-01
  -4.7932847453218359e-02  -1.2470611180037117e-01   9.9103523035998065e-01
   9.9531062565662687e-02  -1.1710575304638245e-01   9.8811932993337892e-01
   2.6728346283115584e-01   6.6170169039048224e-02   9.6134336177368485e-01
   2.5422111753080318e-01   1.8262664026991210e-01   9.4974687873407282e-01
   1.2386561606724907e-01   2.4272179039305167e-01   9.6215562235257579e-01
  -1.1192416872294750e-02   2.7811913073641409e-01   9.6048137874868678e-01
  -1.3061626029166479e-01   2.0178839555130321e-01   9.7068060450812077e-01
  -2.1469641872930326e-01   1.0281400402407584e-01   9.7125420378052885e-01
  -2.4801084662715289e-01  -4.6806641419196673e-02   9.6762583588613305e-01
  -1.7652056560564208e-01  -1.4909598008386193e-01   9.7293929853876127e-01
  -6.8130652896289390e-02  -2.5195814596002630e-01   9.6533688773417925e-01
   7.6152676444471296e-02  -2.3532219340370650e-01   9.6892942733824128e-01
   2.2653868073903485e-01  -1.9106369940490461e-01   9.5507847263914913e-01
   2.6809642885622337e-01  -7.8394564487143339e-02   9.6019716573910541e-01
   3.8930838035232534e-01  -2.3113318817841624e-03   9.2110457752221675e-01
   4.0657751245858592e-01   1.1938595308162710e-01   9.0578238035953207e-01
   3.5723735757284186e-01   2.4906696347697144e-01   9.0019282271007606e-01
   2.2805818388358773e-01   3.2601801251427209e-01   9.1744303380643943e-01
   9.1572057571513862e-02   3.7635450843074741e-01   9.2193917492206057e-01
  -5.7336086909283594e-02   3.8659014616898429e-01   9.2046761595559379e-01
  -1.8085930441401704e-01   3.2497616789993250e-01   9.2826741960706172e-01
  -2.7758894323752076e-01   2.4495596509473594e-01   9.2894615223746047e-01
  -3.3939968931179848e-01   1.2895515922919221e-01   9.3176092309305847e-01
  -3.6193767264333726e-01   1.5177095907185439e-03   9.3220106075841958e-01
  -3.8798112219577402e-01  -1.2023986302608924e-01   9.1379047059989371e-01
  -2.9389500019892351e-01  -2.0705603181530322e-01   9.3314175158277801e-01
  -2.0666305934916748e-01  -2.9921826542356689e-01   9.3153572638807280e-01
  -7.6321001278849623e-02  -3.6932144448522275e-01   9.2616239148820023e-01
   6.6235618906904478e-02  -3.5669132350941912e-01   9.3187131221060682e-01
   2.0094811735311854e-01  -3.1905188241649851e-01   9.2618883088640525e-01
   3.3320465644328634e-01  -2.6721472611046782e-01   9.0419629897175491e-01
   3.8790300565591213e-01  -1.3709829720205688e-01   9.1144682516722053e-01
   5.2514007971762355e-01   3.7721847753673696e-02   8.5017936864888499e-01
   5.0152260809865745e-01   1.8399782228217243e-01   8.4535192373433354e-01
   4.3469803314556404e-01   3.2049824423620160e-01   8.4161659645048004e-01
   3.0314884868915271e-01   4.0217708330950463e-01   8.6391803384296884e-01
   1.6521644559814302e-01   4.6896382600704417e-01   8.6762691060198838e-01
   3.6067089711724079e-02   5.0211111794517838e-01   8.6405068733007184e-01
  -8.9185631374057814e-02   5.0342751664643037e-01   8.5942228190780512e-01
  -2.1196644204924942e-01   4.3620971742765280e-01   8.7452347588081902e-01
  -3.3833367646529261e-01   3.6721280764961611e-01   8.6642084304774469e-01
  -4.1036986618566307e-01   2.6556672674502430e-01   8.7239376807305002e-01
  -4.6311380999449286e-01   1.3356264685721900e-01   8.7617727564510517e-01
  -4.9747652375187784e-01   1.8058838794148196e-02   8.6728944802594843e-01
  -5.1195258908118080e-01  -9.9920881606358564e-02   8.5318249158786874e-01
  -4.2918964398708115e-01  -2.4675850772477406e-01   8.6885354828054029e-01
  -3.4283752111803195e-01  -3.4266564726582488e-01   8.7466718716180059e-01
  -2.1466490977418987e-01  -4.1898821814859777e-01   8.8225157951930122e-01
  -1.1865550221905297e-01  -5.0422007732952512e-01   8.5538470024366930e-01
   3.5299306958535628e-03  -4.7779833029157937e-01   8.7846246087118673e-01
   1.4032484288742966e-01  -4.6273701999485728e-01   8.7531902115451443e-01
   2.6439805825711443e-01  -4.1964338371913740e-01   8.6832775913857574e-01
   3.8894171623061241e-01  -3.6909821575098423e-01   8.4409172991152193e-01
   4.6367812225644794e-01  -2.3442154442227620e-01   8.5442913015147681e-01
   5.0710608452253536e-01  -8.4017079520396776e-02   8.5777884643367519e-01
   6.3607243990144635e-01  -4.0621799880805588e-02   7.7055935564514733e-01
   6.1668619988069440e-01   9.9230835721494146e-02   7.8092981254317739e-01
   5.7762769435956285e-01   2.5008699360049846e-01   7.7704745179475343e-01
   5.1936912473863661e-01   3.7845751905799635e-01   7.6617597099927959e-01
   4.0051027726228516e-01   4.5855825471431327e-01   7.9329429900929616e-01
   2.7526086063589328e-01   5.2989842015206834e-01   8.0214657196944339e-01
   1.6394119761944548e-01   5.9322378535743381e-01   7.8816801775338441e-01
   3.8982920992754466e-02   6.1600204934916114e-01   7.8677938907199796e-01
  -8.2237070572734786e-02   6.3059699500838895e-01   7.7174120928586221e-01
  -1.9538937924860067e-01   5.6988253569552161e-01   7.9815843413829124e-01
  -3.1308278086630320e-01   4.9846309388792404e-01   8.0840195222222277e-01
  -4.3742743619323626e-01   4.2190400646233778e-01   7.9413742349573224e-01
  -5.2078580803407659e-01   2.6129728928002044e-01   8.1271512153103631e-01
  -5.8839445797047918e-01   1.3793473359864394e-01   7.9672201619931227e-01
  -6.2620791788094821e-01   2.9186852794743832e-02   7.7910960153700171e-01
  -6.2333656252528735e-01  -9.6927181863635609e-02   7.7592309621194566e-01
  -5.3754845326280254e-01  -2.3072548625062136e-01   8.1105327222641976e-01
  -4.5426771446221248e-01  -3.8750666275717849e-01   8.0217169603275840e-01
  -3.3424028953710866e-01  -4.6747158082595358e-01   8.1838484221681040e-01
  -2.3361022720581529e-01  -5.5470975032882608e-01   7.9857582898243229e-01
  -1.3460191291986559e-01  -6.3529872313817259e-01   7.6044582806227590e-01
  -1.7537042279318543e-02  -6.0379951653484421e-01   7.9694328278766602e-01
   1.0452440921321354e-01  -5.7967286587662148e-01   8.0811757587928568e-01
   2.3575575828335074e-01  -5.5480386866479103e-01   7.9787962109006383e-01
   3.5262331233785332e-01  -5.0418132078521616e-01   7.8832607172866964e-01
   4.7761273690222894e-01  -4.2575810444747070e-01   7.6851552362073916e-01
   5.3865653944673375e-01  -3.0835215050338111e-01   7.8407147875127403e-01
   5.8534388075542321e-01  -1.6785414432784668e-01   7.9321972207840830e-01
   7.1900811178210966e-01   5.2099185993685022e-02   6.9304618172984744e-01
   6.8395112179386153e-01   1.9195643162787615e-01   7.0382070966518939e-01
   6.4264105326399323e-01   3.3612114120388531e-01   6.8850203710340852e-01
   5.8934934535609595e-01   4.5497810643975500e-01   6.6757941234645335e-01
   4.8049624634436194e-01   5.2030393210416714e-01   7.0597958574304431e-01
   3.6674950403867046e-01   5.9296542095752403e-01   7.1685898950634330e-01
   2.6724406451863097e-01   6.6280140848699387e-01   6.9948188174335080e-01
   1.4093971161569011e-01   7.0303614963939076e-01   6.9704818340621644e-01
   1.2680853469852075e-02   7.2613172654158142e-01   6.8743866029269707e-01
  -1.2466981460739221e-01   7.2473394401630942e-01   6.7765636403439999e-01
  -2.3925005062613189e-01   6.6307822291433915e-01   7.0928603790865308e-01
  -3.4922202544587266e-01   5.9654817958420137e-01   7.2261625111691041e-01
  -4.5440945694965507e-01   5.2928156754774913e-01   7.1650057061311334e-01
  -5.3943576220457123e-01   3.7689937075932117e-01   7.5296475533453822e-01
  -6.3625393640672057e-01   2.5262421432691323e-01   7.2894576941132083e-01
  -7.0876041867138750e-01   1.4781075502775823e-01   6.8979029394656133e-01
  -7.3125699597004767e-01   2.6410880619967134e-02   6.8159054514403272e-01
  -7.2143461389900132e-01  -1.0510606127643175e-01   6.8445950482943396e-01
  -6.4508929827605499e-01  -2.2797942650332573e-01   7.2930458543801957e-01
  -5.6140374958723405e-01  -3.5259006416823496e-01   7.4866953764610600e-01
  -4.8838208769538483e-01  -4.9019594096436875e-01   7.2193550673197582e-01
  -3.8330175106529180e-01  -5.5967343410542891e-01   7.3474173339134430e-01
  -2.8677040307438245e-01  -6.4726776752343429e-01   7.0626282150895203e-01
  -1.8748387128101654e-01  -7.2278353024619435e-01   6.6515694870784592e-01
  -3.2948359720478382e-02  -7.1706080126711691e-01   6.9623143628960782e-01
   9.1701275974816129e-02  -6.9250034035658925e-01   7.1556561864765311e-01
   2.1402619245821652e-01  -6.6484450942966200e-01   7.1566372495961439e-01
   3.4179608630849362e-01  -6.2548630298353025e-01   7.0138599940702562e-01
   4.5429937989024055e-01  -5.5041381634317510e-01   7.0046891737598505e-01
   5.6578679163238099e-01  -4.8657129919937947e-01   6.6568286534187182e-01
   6.1652529702654968e-01  -3.7018991063540463e-01   6.9487839813169883e-01
   6.6101481458623423e-01  -2.3301737668384870e-01   7.1327576508732149e-01
   7.1405376441740720e-01  -1.0319292407895407e-01   6.9244381861734117e-01
   7.9639394633089255e-01  -3.1448479572826780e-02   6.0395999485070628e-01
   7.9006304180425646e-01   1.1474603195865080e-01   6.0219078216521216e-01
   7.4936631755381855e-01   2.5123934088749916e-01   6.1264093538241848e-01
   7.1529789826464585e-01   3.8368570898091109e-01   5.8406694262044656e-01
   6.7856186989989342e-01   4.9392905215819344e-01   5.4367994275315012e-01
   5.7691609629286755e-01   5.6733085652102955e-01   5.8762532031670800e-01
   4.6624770249956865e-01   6.3542205838061716e-01   6.1550945373504484e-01
   3.6971723377949633e-01   7.1108876734418436e-01   5.9804843616831382e-01
   2.4357024318574824e-01   7.6268464055018015e-01   5.9915413351096725e-01
   1.0579676453462110e-01   7.9642209781375783e-01   5.9541488621627447e-01
  -4.4672705667929587e-02   8.0626763518811273e-01   5.8986172092828237e-01
  -2.1808230796454683e-01   7.7346148820583249e-01   5.9514488422171241e-01
  -3.3553065735276499e-01   7.1461642160827432e-01   6.1379357111671240e-01
  -4.4016290895846072e-01   6.5705813770324262e-01   6.1198955649191622e-01
  -5.4290863291681313e-01   5.5452070703094958e-01   6.3067979338035929e-01
  -5.9983447959773695e-01   4.4874262395769177e-01   6.6244143479199569e-01
  -6.7490597298798194e-01   3.4218777389344940e-01   6.5376559638986120e-01
  -7.6193703285985137e-01   2.3369607050375649e-01   6.0401829822268560e-01
  -8.1105103021349878e-01   1.0477333059504113e-01   5.7551609498401046e-01
  -8.1462467607014200e-01  -2.9834864775178452e-02   5.7922061253158363e-01
  -7.8700979912890967e-01  -1.6860633447019607e-01   5.9345385671642392e-01
  -7.1537719860621451e-01  -2.7609909860589837e-01   6.4187596267763081e-01
  -6.4348813084326817e-01  -3.9176140249589314e-01   6.5760628721012682e-01
  -5.8894574675904443e-01  -4.9931907445008078e-01   6.3547098223659770e-01
  -4.8406399149454027e-01  -6.0750555281370311e-01   6.2977698865462728e-01
  -3.8471086421304984e-01  -6.8288293305477921e-01   6.2102210161873483e-01
  -2.8939835442079298e-01  -7.6357260929891291e-01   5.7723951942585039e-01
  -1.0595427018598709e-01  -7.9323157259367738e-01   5.9963102393881884e-01
   3.9952920596394548e-02  -7.9439244757413308e-01   6.0608943512735514e-01
   1.7077959917622632e-01  -7.7104565060206931e-01   6.1345165513904942e-01
   2.9809134942522325e-01  -7.3304664014977905e-01   6.1137890932135508e-01
   4.2758245491756663e-01  -6.7311358097185481e-01   6.0339982711127227e-01
   5.3794239501386665e-01  -6.0451430431786102e-01   5.8752058306227672e-01
   6.4249124255337253e-01  -5.4696576696251542e-01   5.3668748169985359e-01
   6.8279963671277744e-01  -4.3441568063183950e-01   5.8742461007866764e-01
   7.2531876588096444e-01  -2.9718445981719305e-01   6.2096222486080244e-01
   7.7936260131494639e-01  -1.7827432207778948e-01   6.0067645347500054e-01
   8.6428930965792550e-01   1.4486604225299076e-02   5.0278636368645280e-01
   8.4901746903720898e-01   1.6597679811603080e-01   5.0161842047197824e-01
   8.1517673002276247e-01   2.9217117694864747e-01   5.0012288708860186e-01
   7.8941988492004223e-01   4.0847634653831394e-01   4.5821754616288829e-01
   7.3884697875158178e-01   5.2751527324845293e-01   4.1932419257570835e-01
   6.4273913704825891e-01   6.1364699306055015e-01   4.5861069504995700e-01
   5.3681191718778809e-01   6.8058694710241241e-01   4.9863250295080991e-01
   4.2616651559219815e-01   7.6103101049728983e-01   4.8909498264598739e-01
   2.9120698024522601e-01   8.1837612372016322e-01   4.9543820480582301e-01
   1.4985162353695508e-01   8.5598049693206313e-01   4.9481499552385927e-01
   8.9240410762597196e-03   8.7073987100218220e-01   4.9166293183234011e-01
  -1.4637826365144915e-01   8.4657950526618486e-01   5.1173874701223143e-01
  -2.9078696779332663e-01   8.2435391678169001e-01   4.8567845252620528e-01
  -4.0012495683706079e-01   7.7064395103281469e-01   4.9599185442169602e-01
  -5.2922483565747636e-01   6.6679395940729391e-01   5.2469694969692848e-01
  -6.3271692970660298e-01   5.7929271917892000e-01   5.1389612994158917e-01
  -6.8490870618114508e-01   4.7810029872511189e-01   5.4983649256504308e-01
  -7.5405274250149967e-01   3.6852483222158128e-01   5.4368548772431158e-01
  -8.2974344280383394e-01   2.5506763494357904e-01   4.9645374480240345e-01
  -8.7422570584492243e-01   1.1583433271677938e-01   4.7149954676967132e-01
  -8.7942733291956310e-01  -4.0091361529361727e-02   4.7434191133053577e-01
  -8.5928334482871693e-01  -1.7533643248806480e-01   4.8050938465583648e-01
  -8.0017518388168751e-01  -2.9731897067230201e-01   5.2088492469860403e-01
  -7.3418726992079841e-01  -4.0042462624843023e-01   5.4829660894451071e-01
  -6.8454381477739723e-01  -5.1081050672104711e-01   5.2006960291233661e-01
  -5.8613645520374913e-01  -6.0410285573110556e-01   5.3991091448377526e-01
  -4.8333260621906632e-01  -7.0865467970577822e-01   5.1400207849442192e-01
  -3.8888025488260053e-01  -7.8463430444761595e-01   4.8282621681765558e-01
  -2.2054131539425517e-01  -8.3275264200865851e-01   5.0782336046283916e-01
  -8.5243088297752873e-02  -8.6679086843368391e-01   4.9133207334494405e-01
   4.0307516984105431e-02  -8.6634639203309705e-01   4.9781445648535710e-01
   1.8074997554422206e-01  -8.4200889785245014e-01   5.0828187285999615e-01
   3.2702968553518630e-01  -7.9616240154557372e-01   5.0909430869333216e-01
   4.5830905807598848e-01  -7.3653771414783964e-01   4.9745854392439126e-01
   5.7608500372833471e-01  -6.6973483783669652e-01   4.6859504421961007e-01
   6.7812549498847063e-01  -6.1388527233915990e-01   4.0409242191820077e-01
   7.4041750698936148e-01  -5.0137109578874040e-01   4.4767057045472236e-01
   7.7397636755644272e-01  -3.7783848838621509e-01   5.0813252125617214e-01
   8.2653390279073857e-01  -2.6834516020818522e-01   4.9480560074675106e-01
   8.5628709094969579e-01  -1.2881267456364828e-01   5.0017968045959948e-01
   9.1923910686642252e-01  -6.0568118329264946e-02   3.8901281142074740e-01
   9.1268384229922850e-01   8.3755182732073247e-02   3.9999159162591669e-01
   8.9861580640521233e-01   2.2193732507865419e-01   3.7846196138534433e-01
   8.7058014077557933e-01   3.3693942312015041e-01   3.5855549589238300e-01
   8.2494156217435566e-01   4.6249187928094837e-01   3.2491949864006398e-01
   7.4774147759766241e-01   5.9222654797522334e-01   3.0025055962215119e-01
   6.5296383275970304e-01   6.7483275123620068e-01   3.4385896958889783e-01
   5.4033441365066082e-01   7.4848747015220052e-01   3.8445445562505254e-01
   4.0664200170575299e-01   8.2867898006274643e-01   3.8462115185062906e-01
   2.7251937188140868e-01   8.8152981027111588e-01   3.8553649055923711e-01
   1.4346493286237971e-01   9.1542314566441851e-01   3.7605621577186260e-01
   1.0759271949353204e-02   9.2643163817075280e-01   3.7630925827485989e-01
  -1.2274736191484163e-01   9.0811810593697484e-01   4.0031811202141232e-01
  -2.4702238873373877e-01   8.9282443624806351e-01   3.7662244423640673e-01
  -3.7198208835273011e-01   8.5674074036084480e-01   3.5724589535877554e-01
  -4.9253080326156706e-01   7.6048689656474644e-01   4.2317028250083466e-01
  -6.1335768052707662e-01   6.7550470719876432e-01   4.0925022454576165e-01
  -7.2754746831453643e-01   5.4966796528567030e-01   4.1053600242587701e-01
  -7.8927295262491082e-01   4.3469301614092215e-01   4.3369365682825400e-01
  -8.5773089064796693e-01   3.3238555719903362e-01   3.9219581919461283e-01
  -9.0416597298671642e-01   2.0744196226947051e-01   3.7343235743943770e-01
  -9.2712748779675436e-01   4.4827602122604865e-02   3.7205524785926153e-01
  -9.2796610085416620e-01  -1.0176057344600792e-01   3.5850202420273025e-01
  -8.9484566454889014e-01  -2.4176625136294724e-01   3.7523368231005516e-01
  -8.4053669763951389e-01  -3.5686677341888984e-01   4.0760785805827021e-01
  -7.7880837541225911e-01  -4.6818532559185788e-01   4.1744462541535227e-01
  -6.8377411547940603e-01  -5.9888698089563885e-01   4.1687809142969190e-01
  -5.8307072826976014e-01  -6.9131419847157871e-01   4.2674723763203243e-01
  -4.9679023197139049e-01  -7.8400912964981584e-01   3.7219504301313633e-01
  -3.4878543445990012e-01  -8.5126713373409857e-01   3.9203697240534746e-01
  -2.2424657686441093e-01  -8.9161875327723772e-01   3.9335667220594844e-01
  -9.9742466392555046e-02  -9.2574594215716133e-01   3.6475456265477985e-01
   2.0536073886656285e-02  -9.3167176780958072e-01   3.6272025961599197e-01
   1.4223353041971498e-01  -9.0773590528030867e-01   3.9469627448112871e-01
   2.8252001583784964e-01  -8.6707620518766826e-01   4.1031852876556013e-01
   4.2708764488552065e-01  -8.1246327975273314e-01   3.9686214563696004e-01
   5.5721353240618798e-01  -7.4481183706658738e-01   3.6710816753228653e-01
   6.6748005562283574e-01  -6.8395416054420966e-01   2.9440971726490567e-01
   7.6703978880080803e-01  -5.6481408181322368e-01   3.0436000949845055e-01
   8.1899393131159270e-01  -4.4096817680692763e-01   3.6714575786512404e-01
   8.6704178327119774e-01  -3.3189548360363141e-01   3.7159646664818147e-01
   9.0091266066346409e-01  -1.9841360680208978e-01   3.8599017926893370e-01
   9.6143624857830101e-01   1.8246967298436778e-02   2.7442191622407475e-01
   9.5132489662291120e-01   1.4657482862958748e-01   2.7110285995838274e-01
   9.3128240682766350e-01   2.8083528895550741e-01   2.3204443369870142e-01
   8.8964670441873106e-01   4.0149204838672847e-01   2.1756120150228966e-01
   8.2482114144127461e-01   5.2851877983782081e-01   2.0084318258346226e-01
   7.4113326372206889e-01   6.4749872708912193e-01   1.7738907469920723e-01
   6.4402380422979633e-01   7.3039405280631620e-01   2.2750355428112551e-01
   5.3245290452732685e-01   8.0059022875056440e-01   2.7486212923851899e-01
   4.1305020417732441e-01   8.7103612882658665e-01   2.6586761951742910e-01
   2.9204584511356535e-01   9.2042406150578404e-01   2.5986298573113509e-01
   1.5970613744586426e-01   9.5470644856503106e-01   2.5105685955669149e-01
   2.5406575588687350e-02   9.6876504112327755e-01   2.4667549739337835e-01
  -1.0661417552554815e-01   9.5702882218002872e-01   2.6968361294990567e-01
  -2.2564714886951476e-01   9.4327888267453175e-01   2.4353298279154315e-01
  -3.4978386289806784e-01   9.0674149313207686e-01   2.3552306445169546e-01
  -4.7924824749783818e-01   8.2450899043966763e-01   3.0084222103024522e-01
  -5.9576965735891085e-01   7.4337300456876032e-01   3.0406428834846733e-01
  -7.0937265964142882e-01   6.2728813121007487e-01   3.2140322057536619e-01
  -8.1638323782914402e-01   4.8848839149394291e-01   3.0805437891265858e-01
  -8.8529787902566892e-01   3.7933180270602418e-01   2.6898893815257524e-01
  -9.3264632232415134e-01   2.6866323594889180e-01   2.4081300443436465e-01
  -9.5302439688427298e-01   1.3772946424045476e-01   2.6976859272977866e-01
  -9.6767024019260550e-01  -1.1191400077823783e-02   2.5197035303758120e-01
  -9.5464470671575941e-01  -1.6506563734600849e-01   2.4780399372717504e-01
  -9.2129164057237123e-01  -2.9544032098532363e-01   2.5285713307628427e-01
  -8.6539125804216332e-01  -4.1189435014390047e-01   2.8537872174311762e-01
  -7.7884109666261658e-01  -5.4005098883998459e-01   3.1898507112767438e-01
  -6.8318810692979048e-01  -6.6332323744575639e-01   3.0537893380875147e-01
  -5.9202683041951309e-01  -7.5431307352747712e-01   2.8375344785386492e-01
  -4.5128424731351990e-01  -8.4799348299223609e-01   2.7793808830271183e-01
  -3.2735090916185400e-01  -9.0682009053652057e-01   2.6555358342572660e-01
  -2.0486297003302412e-01  -9.4458916870752241e-01   2.5648092691208074e-01
  -8.5052636002547657e-02  -9.7149574348586376e-01   2.2127374335394373e-01
   3.7947840069742320e-02  -9.7334385145723679e-01   2.2618954057257756e-01
   1.6102875256327850e-01  -9.5045897815338565e-01   2.6588996162987472e-01
   2.8315789684290993e-01  -9.1338800179276514e-01   2.9247899691519691e-01
   4.1061133368593639e-01  -8.6451728378059689e-01   2.8984167866833010e-01
   5.3790483662797206e-01  -8.0142128501958088e-01   2.6150011596517142e-01
   6.4651053262014224e-01  -7.3939447831548777e-01   1.8793599082609966e-01
   7.5688924687461900e-01  -6.2591916301921979e-01   1.8799965247545364e-01
   8.4003683202665058e-01  -4.9444468132659197e-01   2.2329930126732050e-01
   8.9434610960918670e-01  -3.8255376939941987e-01   2.3194320370557994e-01
   9.3102800616945147e-01  -2.5376278996178853e-01   2.6228095271854013e-01
   9.5700818728367287e-01  -1.1594141951855461e-01   2.6588139594947413e-01
   9.8929490122574448e-01  -5.9087027435226716e-02   1.3343283553013913e-01
   9.8844611557668394e-01   6.1752650956542261e-02   1.3842285469243917e-01
   9.7049356420085808e-01   1.9782787554785805e-01   1.3786360470021133e-01
   9.3333751484852434e-01   3.4702251242270377e-01   9.1959008521269384e-02
   8.7837739058447928e-01   4.7089865064539355e-01   8.1900064287817681e-02
   8.1071367706312836e-01   5.8178197962478284e-01   6.5368662267559358e-02
   7.1689783038651944e-01   6.9472493636355703e-01   5.8435978487169103e-02
   6.1858211214670966e-01   7.7769265591134529e-01   1.1202813697314297e-01
   5.1304678672051607e-01   8.4587376766914824e-01   1.4587859268910239e-01
   4.0860027113228009e-01   9.0454833800907020e-01   1.2181183290492004e-01
   2.8560356531710418e-01   9.4879773190584260e-01   1.3495727993882906e-01
   1.3647931122862020e-01   9.8215809072781768e-01   1.2937883298457062e-01
  -3.3798357250097597e-02   9.9049305816184108e-01   1.3334606398540086e-01
  -1.6688938479084939e-01   9.7865392697854792e-01   1.1993508433147823e-01
  -2.9762947113483540e-01   9.4932958743077911e-01   1.0094569005413205e-01
  -4.2331609307998064e-01   8.9675004904839950e-01   1.2900711170782148e-01
  -5.1799996547201932e-01   8.3587146927841705e-01   1.8164504567239684e-01
  -6.4002765559147756e-01   7.4412106149424040e-01   1.9143783826287333e-01
  -7.3278856846734497e-01   6.5059756009818170e-01   1.9935829232282312e-01
  -8.1083415804506875e-01   5.4769173570245044e-01   2.0635341235507038e-01
  -8.8715855329123094e-01   4.3753587383910530e-01   1.4666990293192672e-01
  -9.3991368240734674e-01   3.2478706499392163e-01   1.0524082875051580e-01
  -9.7318542446035694e-01   1.9429691604822405e-01   1.2312123306751038e-01
  -9.8697155283872995e-01   6.9885964653044030e-02   1.4492448320287182e-01
  -9.8767152974979033e-01  -8.0689840697463308e-02   1.3414208485753812e-01
  -9.7075073349856333e-01  -2.1134756659426995e-01   1.1390882102226245e-01
  -9.3061000767654467e-01  -3.4137335397538199e-01   1.3201987277626023e-01
  -8.6089159221216405e-01  -4.7345664662862952e-01   1.8629135841895128e-01
  -7.8187240009829462e-01  -5.8900201626299209e-01   2.0433348918535707e-01
  -7.0058035021910881e-01  -6.9233437974936451e-01   1.7280127170809104e-01
  -5.9013384774558275e-01  -7.9072319269895508e-01   1.6278474828117220e-01
  -4.8860313118228516e-01  -8.5874256198636001e-01   1.5436383135945148e-01
  -3.6888624118639257e-01  -9.1902762555110762e-01   1.3896461613399208e-01
  -2.4150066502800546e-01  -9.6241949850386277e-01   1.2420200356920320e-01
  -1.2003988847890050e-01  -9.8894805403988384e-01   8.7018225589241327e-02
   1.6741752309491726e-02  -9.9595269162254374e-01   8.8306000812050131e-02
   1.5737961235703696e-01  -9.7911155172619935e-01   1.2873316158108905e-01
   2.8563712927331991e-01  -9.4547254244522694e-01   1.5650272158226317e-01
   4.0397410480602464e-01  -9.0056124561202555e-01   1.6060624380106786e-01
   5.1775257003615227e-01  -8.4356965748882284e-01   1.4255703835710642e-01
   6.0918646132781207e-01  -7.9035331974105749e-01   6.5065238869828637e-02
   7.1421544572792117e-01  -6.9637061332256434e-01   7.0457547391478137e-02
   8.0584735585656520e-01  -5.8720706165463221e-01   7.6143980733314312e-02
   8.7185512192999548e-01  -4.8068453071681155e-01   9.3867077796165210e-02
   9.3533528703734581e-01  -3.3215909995213155e-01   1.2173016529092438e-01
   9.7044094882910759e-01  -1.9355548399300945e-01   1.4415491476842923e-01
   9.9196619175168055e-01   1.2582484203635377e-01   1.3083713088977340e-02
   9.6423321135000362e-01   2.6495581196217688e-01   7.2616690314855964e-03
   2.1293779798484100e-01   9.7687127332768220e-01   1.9493833294655386e-02
   4.6844458839536599e-02   9.9827989648355908e-01   3.5254006195119557e-02
  -1.1654368441284810e-01   9.9318415987842024e-01   1.6715831044171814e-03
  -4.9397172741366879e-01   8.6947646905461096e-01   1.6131572404004531e-03
  -5.8807825978842521e-01   8.0568894053973350e-01   7.0917497531844939e-02
  -6.9327959005964124e-01   7.1832358309372335e-01   5.8091651535574086e-02
  -7.7939612645435874e-01   6.2329203472959049e-01   6.3629533320527870e-02
  -8.5015539717214461e-01   5.2323359713506945e-01   5.8842191395026014e-02
  -9.9984355455665819e-01  -1.2067606875658871e-03   1.7646816714352368e-02
  -9.0890998156628888e-01  -4.1487285623680437e-01   4.1989981746653852e-02
  -8.4444047072500128e-01  -5.3138886229946447e-01   6.7425280316948014e-02
  -7.6845058492553497e-01  -6.3679088199720835e-01   6.3095729909562873e-02
  -6.6233694865148196e-01  -7.4753946176290176e-01   4.9945165514544622e-02
  -5.6535731314702242e-01  -8.2481788854986604e-01   6.8234301726105709e-03
  -4.6470802570881353e-01  -8.8536290580074906e-01   1.3378186494089797e-02
  -3.4225844392071653e-01  -9.3957927420654164e-01   7.0671809427854731e-03
   2.6025388224610502e-01  -9.6529955866222206e-01   2.1556410238020317e-02
   3.8931222522033598e-01  -9.2085094415410462e-01   2.1668639654681257e-02
   9.1506890879739444e-01  -4.0325216857914681e-01   6.0481971331234705e-03
   9.6720560010302947e-01  -2.5359365792283400e-01   1.4268279176395098e-02
   9.9246869015060335e-01  -1.2231524461082675e-01   6.6992541778332412e-03
  -0.0000000000000000e+00  -0.0000000000000000e+00  -1.0000000000000000e+00
  -1.4945627884328880e-01  -0.0000000000000000e+00  -9.8876833521018315e-01
  -1.0666817983954069e-01  -1.2184456320559037e-01  -9.8680079135910626e-01
   2.4137976112104016e-02  -1.3632934199502431e-01  -9.9036946066627840e-01
   1.2665415558427540e-01  -1.3961789948784963e-02  -9.9184867459439607e-01
   4.7932847453218359e-02   1.2470611180037117e-01  -9.9103523035998065e-01
  -9.9531062565662687e-02   1.1710575304638245e-01  -9.8811932993337892e-01
  -2.6728346283115584e-01  -6.6170169039048224e-02  -9.6134336177368485e-01
  -2.5422111753080318e-01  -1.8262664026991210e-01  -9.4974687873407282e-01
  -1.2386561606724907e-01  -2.4272179039305167e-01  -9.6215562235257579e-01
   1.1192416872294750e-02  -2.7811913073641409e-01  -9.6048137874868678e-01
   1.3061626029166479e-01  -2.0178839555130321e-01  -9.7068060450812077e-01
   2.1469641872930326e-01  -1.0281400402407584e-01  -9.7125420378052885e-01
   2.4801084662715289e-01   4.6806641419196673e-02  -9.6762583588613305e-01
   1.7652056560564208e-01   1.4909598008386193e-01  -9.7293929853876127e-01
   6.8130652896289390e-02   2.5195814596002630e-01  -9.6533688773417925e-01
  -7.6152676444471296e-02   2.3532219340370650e-01  -9.6892942733824128e-01
  -2.2653868073903485e-01   1.9106369940490461e-01  -9.5507847263914913e-01
  -2.6809642885622337e-01   7.8394564487143339e-02  -9.6019716573910541e-01
  -3.8930838035232534e-01   2.3113318817841624e-03  -9.2110457752221675e-01
  -4.0657751245858592e-01  -1.1938595308162710e-01  -9.0578238035953207e-01
  -3.5723735757284186e-01  -2.4906696347697144e-01  -9.0019282271007606e-01
  -2.2805818388358773e-01  -3.2601801251427209e-01  -9.1744303380643943e-01
  -9.1572057571513862e-02  -3.7635450843074741e-01  -9.2193917492206057e-01
   5.7336086909283594e-02  -3.8659014616898429e-01  -9.2046761595559379e-01
   1.8085930441401704e-01  -3.2497616789993250e-01  -9.2826741960706172e-01
   2.7758894323752076e-01  -2.4495596509473594e-01  -9.2894615223746047e-01
   3.3939968931179848e-01  -1.2895515922919221e-01  -9.3176092309305847e-01
   3.6193767264333726e-01  -1.5177095907185439e-03  -9.3220106075841958e-01
   3.8798112219577402e-01   1.2023986302608924e-01  -9.1379047059989371e-01
   2.9389500019892351e-01   2.0705603181530322e-01  -9.3314175158277801e-01
   2.0666305934916748e-01   2.9921826542356689e-01  -9.3153572638807280e-01
   7.6321001278849623e-02   3.6932144448522275e-01  -9.2616239148820023e-01
  -6.6235618906904478e-02   3.5669132350941912e-01  -9.3187131221060682e-01
  -2.0094811735311854e-01   3.1905188241649851e-01  -9.2618883088640525e-01
  -3.3320465644328634e-01   2.6721472611046782e-01  -9.0419629897175491e-01
  -3.8790300565591213e-01   1.3709829720205688e-01  -9.1144682516722053e-01
  -5.2514007971762355e-01  -3.7721847753673696e-02  -8.5017936864888499e-01
  -5.0152260809865745e-01  -1.8399782228217243e-01  -8.4535192373433354e-01
  -4.3469803314556404e-01  -3.2049824423620160e-01  -8.4161659645048004e-01
  -3.0314884868915271e-01  -4.0217708330950463e-01  -8.6391803384296884e-01
  -1.6521644559814302e-01  -4.6896382600704417e-01  -8.6762691060198838e-01
  -3.6067089711724079e-02  -5.0211111794517838e-01  -8.6405068733007184e-01
   8.9185631374057814e-02  -5.0342751664643037e-01  -8.5942228190780512e-01
   2.1196644204924942e-01  -4.3620971742765280e-01  -8.7452347588081902e-01
   3.3833367646529261e-01  -3.6721280764961611e-01  -8.6642084304774469e-01
   4.1036986618566307e-01  -2.6556672674502430e-01  -8.7239376807305002e-01
   4.6311380999449286e-01  -1.3356264685721900e-01  -8.7617727564510517e-01
   4.9747652375187784e-01  -1.8058838794148196e-02  -8.6728944802594843e-01
   5.1195258908118080e-01   9.9920881606358564e-02  -8.5318249158786874e-01
   4.2918964398708115e-01   2.4675850772477406e-01  -8.6885354828054029e-01
   3.4283752111803195e-01   3.4266564726582488e-01  -8.7466718716180059e-01
   2.1466490977418987e-01   4.1898821814859777e-01  -8.8225157951930122e-01
   1.1865550221905297e-01   5.0422007732952512e-01  -8.5538470024366930e-01
  -3.5299306958535628e-03   4.7779833029157937e-01  -8.7846246087118673e-01
  -1.4032484288742966e-01   4.6273701999485728e-01  -8.7531902115451443e-01
  -2.6439805825711443e-01   4.1964338371913740e-01  -8.6832775913857574e-01
  -3.8894171623061241e-01   3.6909821575098423e-01  -8.4409172991152193e-01
  -4.6367812225644794e-01   2.3442154442227620e-01  -8.5442913015147681e-01
  -5.0710608452253536e-01   8.4017079520396776e-02  -8.5777884643367519e-01
  -6.3607243990144635e-01   4.0621799880805588e-02  -7.7055935564514733e-01
  -6.1668619988069440e-01  -9.9230835721494146e-02  -7.8092981254317739e-01
  -5.7762769435956285e-01  -2.5008699360049846e-01  -7.7704745179475343e-01
  -5.1936912473863661e-01  -3.7845751905799635e-01  -7.6617597099927959e-01
  -4.0051027726228516e-01  -4.5855825471431327e-01  -7.9329429900929616e-01
  -2.7526086063589328e-01  -5.2989842015206834e-01  -8.0214657196944339e-01
  -1.6394119761944548e-01  -5.9322378535743381e-01  -7.8816801775338441e-01
  -3.8982920992754466e-02  -6.1600204934916114e-01  -7.8677938907199796e-01
   8.2237070572734786e-02  -6.3059699500838895e-01  -7.7174120928586221e-01
   1.9538937924860067e-01  -5.6988253569552161e-01  -7.9815843413829124e-01
   3.1308278086630320e-01  -4.9846309388792404e-01  -8.0840195222222277e-01
   4.3742743619323626e-01  -4.2190400646233778e-01  -7.9413742349573224e-01
   5.2078580803407659e-01  -2.6129728928002044e-01  -8.1271512153103631e-01
   5.8839445797047918e-01  -1.3793473359864394e-01  -7.9672201619931227e-01
   6.2620791788094821e-01  -2.9186852794743832e-02  -7.7910960153700171e-01
   6.2333656252528735e-01   9.6927181863635609e-02  -7.7592309621194566e-01
   5.3754845326280254e-01   2.3072548625062136e-01  -8.1105327222641976e-01
   4.5426771446221248e-01   3.8750666275717849e-01  -8.0217169603275840e-01
   3.3424028953710866e-01   4.6747158082595358e-01  -8.1838484221681040e-01
   2.3361022720581529e-01   5.5470975032882608e-01  -7.9857582898243229e-01
   1.3460191291986559e-01   6.3529872313817259e-01  -7.6044582806227590e-01
   1.7537042279318543e-02   6.0379951653484421e-01  -7.9694328278766602e-01
  -1.0452440921321354e-01   5.7967286587662148e-01  -8.0811757587928568e-01
  -2.3575575828335074e-01   5.5480386866479103e-01  -7.9787962109006383e-01
  -3.5262331233785332e-01   5.0418132078521616e-01  -7.8832607172866964e-01
  -4.7761273690222894e-01   4.2575810444747070e-01  -7.6851552362073916e-01
  -5.3865653944673375e-01   3.0835215050338111e-01  -7.8407147875127403e-01
  -5.8534388075542321e-01   1.6785414432784668e-01  -7.9321972207840830e-01
  -7.1900811178210966e-01  -5.2099185993685022e-02  -6.9304618172984744e-01
  -6.8395112179386153e-01  -1.9195643162787615e-01  -7.0382070966518939e-01
  -6.4264105326399323e-01  -3.3612114120388531e-01  -6.8850203710340852e-01
  -5.8934934535609595e-01  -4.5497810643975500e-01  -6.6757941234645335e-01
  -4.8049624634436194e-01  -5.2030393210416714e-01  -7.0597958574304431e-01
  -3.6674950403867046e-01  -5.9296542095752403e-01  -7.1685898950634330e-01
  -2.6724406451863097e-01  -6.6280140848699387e-01  -6.9948188174335080e-01
  -1.4093971161569011e-01  -7.0303614963939076e-01  -6.9704818340621644e-01
  -1.2680853469852075e-02  -7.2613172654158142e-01  -6.8743866029269707e-01
   1.2466981460739221e-01  -7.2473394401630942e-01  -6.7765636403439999e-01
   2.3925005062613189e-01  -6.6307822291433915e-01  -7.0928603790865308e-01
   3.4922202544587266e-01  -5.9654817958420137e-01  -7.2261625111691041e-01
   4.5440945694965507e-01  -5.2928156754774913e-01  -7.1650057061311334e-01
   5.3943576220457123e-01  -3.7689937075932117e-01  -7.5296475533453822e-01
   6.3625393640672057e-01  -2.5262421432691323e-01  -7.2894576941132083e-01
   7.0876041867138750e-01  -1.4781075502775823e-01  -6.8979029394656133e-01
   7.3125699597004767e-01  -2.6410880619967134e-02  -6.8159054514403272e-01
   7.2143461389900132e-01   1.0510606127643175e-01  -6.8445950482943396e-01
   6.4508929827605499e-01   2.2797942650332573e-01  -7.2930458543801957e-01
   5.6140374958723405e-01   3.5259006416823496e-01  -7.4866953764610600e-01
   4.8838208769538483e-01   4.9019594096436875e-01  -7.2193550673197582e-01
   3.8330175106529180e-01   5.5967343410542891e-01  -7.3474173339134430e-01
   2.8677040307438245e-01   6.4726776752343429e-01  -7.0626282150895203e-01
   1.8748387128101654e-01   7.2278353024619435e-01  -6.6515694870784592e-01
   3.2948359720478382e-02   7.1706080126711691e-01  -6.9623143628960782e-01
  -9.1701275974816129e-02   6.9250034035658925e-01  -7.1556561864765311e-01
  -2.1402619245821652e-01   6.6484450942966200e-01  -7.1566372495961439e-01
  -3.4179608630849362e-01   6.2548630298353025e-01  -7.0138599940702562e-01
  -4.5429937989024055e-01   5.5041381634317510e-01  -7.0046891737598505e-01
  -5.6578679163238099e-01   4.8657129919937947e-01  -6.6568286534187182e-01
  -6.1652529702654968e-01   3.7018991063540463e-01  -6.9487839813169883e-01
  -6.6101481458623423e-01   2.3301737668384870e-01  -7.1327576508732149e-01
  -7.1405376441740720e-01   1.0319292407895407e-01  -6.9244381861734117e-01
  -7.9639394633089255e-01   3.1448479572826780e-02  -6.0395999485070628e-01
  -7.9006304180425646e-01  -1.1474603195865080e-01  -6.0219078216521216e-01
  -7.4936631755381855e-01  -2.5123934088749916e-01  -6.1264093538241848e-01
  -7.1529789826464585e-01  -3.8368570898091109e-01  -5.8406694262044656e-01
  -6.7856186989989342e-01  -4.9392905215819344e-01  -5.4367994275315012e-01
  -5.7691609629286755e-01  -5.6733085652102955e-01  -5.8762532031670800e-01
  -4.6624770249956865e-01  -6.3542205838061716e-01  -6.1550945373504484e-01
  -3.6971723377949633e-01  -7.1108876734418436e-01  -5.9804843616831382e-01
  -2.4357024318574824e-01  -7.6268464055018015e-01  -5.9915413351096725e-01
  -1.0579676453462110e-01  -7.9642209781375783e-01  -5.9541488621627447e-01
   4.4672705667929587e-02  -8.0626763518811273e-01  -5.8986172092828237e-01
   2.1808230796454683e-01  -7.7346148820583249e-01  -5.9514488422171241e-01
   3.3553065735276499e-01  -7.1461642160827432e-01  -6.1379357111671240e-01
   4.4016290895846072e-01  -6.5705813770324262e-01  -6.1198955649191622e-01
   5.4290863291681313e-01  -5.5452070703094958e-01  -6.3067979338035929e-01
   5.9983447959773695e-01  -4.4874262395769177e-01  -6.6244143479199569e-01
   6.7490597298798194e-01  -3.4218777389344940e-01  -6.5376559638986120e-01
   7.6193703285985137e-01  -2.3369607050375649e-01  -6.0401829822268560e-01
   8.1105103021349878e-01  -1.0477333059504113e-01  -5.7551609498401046e-01
   8.1462467607014200e-01   2.9834864775178452e-02  -5.7922061253158363e-01
   7.8700979912890967e-01   1.6860633447019607e-01  -5.9345385671642392e-01
   7.1537719860621451e-01   2.7609909860589837e-01  -6.4187596267763081e-01
   6.4348813084326817e-01   3.9176140249589314e-01  -6.5760628721012682e-01
   5.8894574675904443e-01   4.9931907445008078e-01  -6.3547098223659770e-01
   4.8406399149454027e-01   6.0750555281370311e-01  -6.2977698865462728e-01
   3.8471086421304984e-01   6.8288293305477921e-01  -6.2102210161873483e-01
   2.8939835442079298e-01   7.6357260929891291e-01  -5.7723951942585039e-01
   1.0595427018598709e-01   7.9323157259367738e-01  -5.9963102393881884e-01
  -3.9952920596394548e-02   7.9439244757413308e-01  -6.0608943512735514e-01
  -1.7077959917622632e-01   7.7104565060206931e-01  -6.1345165513904942e-01
  -2.9809134942522325e-01   7.3304664014977905e-01  -6.1137890932135508e-01
  -4.2758245491756663e-01   6.7311358097185481e-01  -6.0339982711127227e-01
  -5.3794239501386665e-01   6.0451430431786102e-01  -5.8752058306227672e-01
  -6.4249124255337253e-01   5.4696576696251542e-01  -5.3668748169985359e-01
  -6.8279963671277744e-01   4.3441568063183950e-01  -5.8742461007866764e-01
  -7.2531876588096444e-01   2.9718445981719305e-01  -6.2096222486080244e-01
  -7.7936260131494639e-01   1.7827432207778948e-01  -6.0067645347500054e-01
  -8.6428930965792550e-01  -1.4486604225299076e-02  -5.0278636368645280e-01
  -8.4901746903720898e-01  -1.6597679811603080e-01  -5.0161842047197824e-01
  -8.1517673002276247e-01  -2.9217117694864747e-01  -5.0012288708860186e-01
  -7.8941988492004223e-01  -4.0847634653831394e-01  -4.5821754616288829e-01
  -7.3884697875158178e-01  -5.2751527324845293e-01  -4.1932419257570835e-01
  -6.4273913704825891e-01  -6.1364699306055015e-01  -4.5861069504995700e-01
  -5.3681191718778809e-01  -6.8058694710241241e-01  -4.9863250295080991e-01
  -4.2616651559219815e-01  -7.6103101049728983e-01  -4.8909498264598739e-01
  -2.9120698024522601e-01  -8.1837612372016322e-01  -4.9543820480582301e-01
  -1.4985162353695508e-01  -8.5598049693206313e-01  -4.9481499552385927e-01
  -8.9240410762597196e-03  -8.7073987100218220e-01  -4.9166293183234011e-01
   1.4637826365144915e-01  -8.4657950526618486e-01  -5.1173874701223143e-01
   2.9078696779332663e-01  -8.2435391678169001e-01  -4.8567845252620528e-01
   4.0012495683706079e-01  -7.7064395103281469e-01  -4.9599185442169602e-01
   5.2922483565747636e-01  -6.6679395940729391e-01  -5.2469694969692848e-01
   6.3271692970660298e-01  -5.7929271917892000e-01  -5.1389612994158917e-01
   6.8490870618114508e-01  -4.7810029872511189e-01  -5.4983649256504308e-01
   7.5405274250149967e-01  -3.6852483222158128e-01  -5.4368548772431158e-01
   8.2974344280383394e-01  -2.5506763494357904e-01  -4.9645374480240345e-01
   8.7422570584492243e-01  -1.1583433271677938e-01  -4.7149954676967132e-01
   8.7942733291956310e-01   4.0091361529361727e-02  -4.7434191133053577e-01
   8.5928334482871693e-01   1.7533643248806480e-01  -4.8050938465583648e-01
   8.0017518388168751e-01   2.9731897067230201e-01  -5.2088492469860403e-01
   7.3418726992079841e-01   4.0042462624843023e-01  -5.4829660894451071e-01
   6.8454381477739723e-01   5.1081050672104711e-01  -5.2006960291233661e-01
   5.8613645520374913e-01   6.0410285573110556e-01  -5.3991091448377526e-01
   4.8333260621906632e-01   7.0865467970577822e-01  -5.1400207849442192e-01
   3.8888025488260053e-01   7.8463430444761595e-01  -4.8282621681765558e-01
   2.2054131539425517e-01   8.3275264200865851e-01  -5.0782336046283916e-01
   8.5243088297752873e-02   8.6679086843368391e-01  -4.9133207334494405e-01
  -4.0307516984105431e-02   8.6634639203309705e-01  -4.9781445648535710e-01
  -1.8074997554422206e-01   8.4200889785245014e-01  -5.0828187285999615e-01
  -3.2702968553518630e-01   7.9616240154557372e-01  -5.0909430869333216e-01
  -4.5830905807598848e-01   7.3653771414783964e-01  -4.9745854392439126e-01
  -5.7608500372833471e-01   6.6973483783669652e-01  -4.6859504421961007e-01
  -6.7812549498847063e-01   6.1388527233915990e-01  -4.0409242191820077e-01
  -7.4041750698936148e-01   5.0137109578874040e-01  -4.4767057045472236e-01
  -7.7397636755644272e-01   3.7783848838621509e-01  -5.0813252125617214e-01
  -8.2653390279073857e-01   2.6834516020818522e-01  -4.9480560074675106e-01
  -8.5628709094969579e-01   1.2881267456364828e-01  -5.0017968045959948e-01
  -9.1923910686642252e-01   6.0568118329264946e-02  -3.8901281142074740e-01
  -9.1268384229922850e-01  -8.3755182732073247e-02  -3.9999159162591669e-01
  -8.9861580640521233e-01  -2.2193732507865419e-01  -3.7846196138534433e-01
  -8.7058014077557933e-01  -3.3693942312015041e-01  -3.5855549589238300e-01
  -8.2494156217435566e-01  -4.6249187928094837e-01  -3.2491949864006398e-01
  -7.4774147759766241e-01  -5.9222654797522334e-01  -3.0025055962215119e-01
  -6.5296383275970304e-01  -6.7483275123620068e-01  -3.4385896958889783e-01
  -5.4033441365066082e-01  -7.4848747015220052e-01  -3.8445445562505254e-01
  -4.0664200170575299e-01  -8.2867898006274643e-01  -3.8462115185062906e-01
  -2.7251937188140868e-01  -8.8152981027111588e-01  -3.8553649055923711e-01
  -1.4346493286237971e-01  -9.1542314566441851e-01  -3.7605621577186260e-01
  -1.0759271949353204e-02  -9.2643163817075280e-01  -3.7630925827485989e-01
   1.2274736191484163e-01  -9.0811810593697484e-01  -4.0031811202141232e-01
   2.4702238873373877e-01  -8.9282443624806351e-01  -3.7662244423640673e-01
   3.7198208835273011e-01  -8.5674074036084480e-01  -3.5724589535877554e-01
   4.9253080326156706e-01  -7.6048689656474644e-01  -4.2317028250083466e-01
   6.1335768052707662e-01  -6.7550470719876432e-01  -4.0925022454576165e-01
   7.2754746831453643e-01  -5.4966796528567030e-01  -4.1053600242587701e-01
   7.8927295262491082e-01  -4.3469301614092215e-01  -4.3369365682825400e-01
   8.5773089064796693e-01  -3.3238555719903362e-01  -3.9219581919461283e-01
   9.0416597298671642e-01  -2.0744196226947051e-01  -3.7343235743943770e-01
   9.2712748779675436e-01  -4.4827602122604865e-02  -3.7205524785926153e-01
   9.2796610085416620e-01   1.0176057344600792e-01  -3.5850202420273025e-01
   8.9484566454889014e-01   2.4176625136294724e-01  -3.7523368231005516e-01
   8.4053669763951389e-01   3.5686677341888984e-01  -4.0760785805827021e-01
   7.7880837541225911e-01   4.6818532559185788e-01  -4.1744462541535227e-01
   6.8377411547940603e-01   5.9888698089563885e-01  -4.1687809142969190e-01
   5.8307072826976014e-01   6.9131419847157871e-01  -4.2674723763203243e-01
   4.9679023197139049e-01   7.8400912964981584e-01  -3.7219504301313633e-01
   3.4878543445990012e-01   8.5126713373409857e-01  -3.9203697240534746e-01
   2.2424657686441093e-01   8.9161875327723772e-01  -3.9335667220594844e-01
   9.9742466392555046e-02   9.2574594215716133e-01  -3.6475456265477985e-01
  -2.0536073886656285e-02   9.3167176780958072e-01  -3.6272025961599197e-01
  -1.4223353041971498e-01   9.0773590528030867e-01  -3.9469627448112871e-01
  -2.8252001583784964e-01   8.6707620518766826e-01  -4.1031852876556013e-01
  -4.2708764488552065e-01   8.1246327975273314e-01  -3.9686214563696004e-01
  -5.5721353240618798e-01   7.4481183706658738e-01  -3.6710816753228653e-01
  -6.6748005562283574e-01   6.8395416054420966e-01  -2.9440971726490567e-01
  -7.6703978880080803e-01   5.6481408181322368e-01  -3.0436000949845055e-01
  -8.1899393131159270e-01   4.4096817680692763e-01  -3.6714575786512404e-01
  -8.6704178327119774e-01   3.3189548360363141e-01  -3.7159646664818147e-01
  -9.0091266066346409e-01   1.9841360680208978e-01  -3.8599017926893370e-01
  -9.6143624857830101e-01  -1.8246967298436778e-02  -2.7442191622407475e-01
  -9.5132489662291120e-01  -1.4657482862958748e-01  -2.7110285995838274e-01
  -9.3128240682766350e-01  -2.8083528895550741e-01  -2.3204443369870142e-01
  -8.8964670441873106e-01  -4.0149204838672847e-01  -2.1756120150228966e-01
  -8.2482114144127461e-01  -5.2851877983782081e-01  -2.0084318258346226e-01
  -7.4113326372206889e-01  -6.4749872708912193e-01  -1.7738907469920723e-01
  -6.4402380422979633e-01  -7.3039405280631620e-01  -2.2750355428112551e-01
  -5.3245290452732685e-01  -8.0059022875056440e-01  -2.7486212923851899e-01
  -4.1305020417732441e-01  -8.7103612882658665e-01  -2.6586761951742910e-01
  -2.9204584511356535e-01  -9.2042406150578404e-01  -2.5986298573113509e-01
  -1.5970613744586426e-01  -9.5470644856503106e-01  -2.5105685955669149e-01
  -2.5406575588687350e-02  -9.6876504112327755e-01  -2.4667549739337835e-01
   1.0661417552554815e-01  -9.5702882218002872e-01  -2.6968361294990567e-01
   2.2564714886951476e-01  -9.4327888267453175e-01  -2.4353298279154315e-01
   3.4978386289806784e-01  -9.0674149313207686e-01  -2.3552306445169546e-01
   4.7924824749783818e-01  -8.2450899043966763e-01  -3.0084222103024522e-01
   5.9576965735891085e-01  -7.4337300456876032e-01  -3.0406428834846733e-01
   7.0937265964142882e-01  -6.2728813121007487e-01  -3.2140322057536619e-01
   8.1638323782914402e-01  -4.8848839149394291e-01  -3.0805437891265858e-01
   8.8529787902566892e-01  -3.7933180270602418e-01  -2.6898893815257524e-01
   9.3264632232415134e-01  -2.6866323594889180e-01  -2.4081300443436465e-01
   9.5302439688427298e-01  -1.3772946424045476e-01  -2.6976859272977866e-01
   9.6767024019260550e-01   1.1191400077823783e-02  -2.5197035303758120e-01
   9.5464470671575941e-01   1.6506563734600849e-01  -2.4780399372717504e-01
   9.2129164057237123e-01   2.9544032098532363e-01  -2.5285713307628427e-01
   8.6539125804216332e-01   4.1189435014390047e-01  -2.8537872174311762e-01
   7.7884109666261658e-01   5.4005098883998459e-01  -3.1898507112767438e-01
   6.8318810692979048e-01   6.6332323744575639e-01  -3.0537893380875147e-01
   5.9202683041951309e-01   7.5431307352747712e-01  -2.8375344785386492e-01
   4.5128424731351990e-01   8.4799348299223609e-01  -2.7793808830271183e-01
   3.2735090916185400e-01   9.0682009053652057e-01  -2.6555358342572660e-01
   2.0486297003302412e-01   9.4458916870752241e-01  -2.5648092691208074e-01
   8.5052636002547657e-02   9.7149574348586376e-01  -2.2127374335394373e-01
  -3.7947840069742320e-02   9.7334385145723679e-01  -2.2618954057257756e-01
  -1.6102875256327850e-01   9.5045897815338565e-01  -2.6588996162987472e-01
  -2.8315789684290993e-01   9.1338800179276514e-01  -2.9247899691519691e-01
  -4.1061133368593639e-01   8.6451728378059689e-01  -2.8984167866833010e-01
  -5.3790483662797206e-01   8.0142128501958088e-01  -2.6150011596517142e-01
  -6.4651053262014224e-01   7.3939447831548777e-01  -1.8793599082609966e-01
  -7.5688924687461900e-01   6.2591916301921979e-01  -1.8799965247545364e-01
  -8.4003683202665058e-01   4.9444468132659197e-01  -2.2329930126732050e-01
  -8.9434610960918670e-01   3.8255376939941987e-01  -2.3194320370557994e-01
  -9.3102800616945147e-01   2.5376278996178853e-01  -2.6228095271854013e-01
  -9.5700818728367287e-01   1.1594141951855461e-01  -2.6588139594947413e-01
  -9.8929490122574448e-01   5.9087027435226716e-02  -1.3343283553013913e-01
  -9.8844611557668394e-01  -6.1752650956542261e-02  -1.3842285469243917e-01
  -9.7049356420085808e-01  -1.9782787554785805e-01  -1.3786360470021133e-01
  -9.3333751484852434e-01  -3.4702251242270377e-01  -9.1959008521269384e-02
  -8.7837739058447928e-01  -4.7089865064539355e-01  -8.1900064287817681e-02
  -8.1071367706312836e-01  -5.8178197962478284e-01  -6.5368662267559358e-02
  -7.1689783038651944e-01  -6.9472493636355703e-01  -5.8435978487169103e-02
  -6.1858211214670966e-01  -7.7769265591134529e-01  -1.1202813697314297e-01
  -5.1304678672051607e-01  -8.4587376766914824e-01  -1.4587859268910239e-01
  -4.0860027113228009e-01  -9.0454833800907020e-01  -1.2181183290492004e-01
  -2.8560356531710418e-01  -9.4879773190584260e-01  -1.3495727993882906e-01
  -1.3647931122862020e-01  -9.8215809072781768e-01  -1.2937883298457062e-01
   3.3798357250097597e-02  -9.9049305816184108e-01  -1.3334606398540086e-01
   1.6688938479084939e-01  -9.7865392697854792e-01  -1.1993508433147823e-01
   2.9762947113483540e-01  -9.4932958743077911e-01  -1.0094569005413205e-01
   4.2331609307998064e-01  -8.9675004904839950e-01  -1.2900711170782148e-01
   5.1799996547201932e-01  -8.3587146927841705e-01  -1.8164504567239684e-01
   6.4002765559147756e-01  -7.4412106149424040e-01  -1.9143783826287333e-01
   7.3278856846734497e-01  -6.5059756009818170e-01  -1.9935829232282312e-01
   8.1083415804506875e-01  -5.4769173570245044e-01  -2.0635341235507038e-01
   8.8715855329123094e-01  -4.3753587383910530e-01  -1.4666990293192672e-01
   9.3991368240734674e-01  -3.2478706499392163e-01  -1.0524082875051580e-01
   9.7318542446035694e-01  -1.9429691604822405e-01  -1.2312123306751038e-01
   9.8697155283872995e-01  -6.9885964653044030e-02  -1.4492448320287182e-01
   9.8767152974979033e-01   8.0689840697463308e-02  -1.3414208485753812e-01
   9.7075073349856333e-01   2.1134756659426995e-01  -1.1390882102226245e-01
   9.3061000767654467e-01   3.4137335397538199e-01  -1.3201987277626023e-01
   8.6089159221216405e-01   4.7345664662862952e-01  -1.8629135841895128e-01
   7.8187240009829462e-01   5.8900201626299209e-01  -2.0433348918535707e-01
   7.0058035021910881e-01   6.9233437974936451e-01  -1.7280127170809104e-01
   5.9013384774558275e-01   7.9072319269895508e-01  -1.6278474828117220e-01
   4.8860313118228516e-01   8.5874256198636001e-01  -1.5436383135945148e-01
   3.6888624118639257e-01   9.1902762555110762e-01  -1.3896461613399208e-01
   2.4150066502800546e-01   9.6241949850386277e-01  -1.2420200356920320e-01
   1.2003988847890050e-01   9.8894805403988384e-01  -8.7018225589241327e-02
  -1.6741752309491726e-02   9.9595269162254374e-01  -8.8306000812050131e-02
  -1.5737961235703696e-01   9.7911155172619935e-01  -1.2873316158108905e-01
  -2.8563712927331991e-01   9.4547254244522694e-01  -1.5650272158226317e-01
  -4.0397410480602464e-01   9.0056124561202555e-01  -1.6060624380106786e-01
  -5.1775257003615227e-01   8.4356965748882284e-01  -1.4255703835710642e-01
  -6.0918646132781207e-01   7.9035331974105749e-01  -6.5065238869828637e-02
  -7.1421544572792117e-01   6.9637061332256434e-01  -7.0457547391478137e-02
  -8.0584735585656520e-01   5.8720706165463221e-01  -7.6143980733314312e-02
  -8.7185512192999548e-01   4.8068453071681155e-01  -9.3867077796165210e-02
  -9.3533528703734581e-01   3.3215909995213155e-01  -1.2173016529092438e-01
  -9.7044094882910759e-01   1.9355548399300945e-01  -1.4415491476842923e-01
  -9.9196619175168055e-01  -1.2582484203635377e-01  -1.3083713088977340e-02
  -9.6423321135000362e-01  -2.6495581196217688e-01  -7.2616690314855964e-03
  -2.1293779798484100e-01  -9.7687127332768220e-01  -1.9493833294655386e-02
  -4.6844458839536599e-02  -9.9827989648355908e-01  -3.5254006195119557e-02
   1.1654368441284810e-01  -9.9318415987842024e-01  -1.6715831044171814e-03
   4.9397172741366879e-01  -8.6947646905461096e-01  -1.6131572404004531e-03
   5.8807825978842521e-01  -8.0568894053973350e-01  -7.0917497531844939e-02
   6.9327959005964124e-01  -7.1832358309372335e-01  -5.8091651535574086e-02
   7.7939612645435874e-01  -6.2329203472959049e-01  -6.3629533320527870e-02
   8.5015539717214461e-01  -5.2323359713506945e-01  -5.8842191395026014e-02
   9.9984355455665819e-01   1.2067606875658871e-03  -1.7646816714352368e-02
   9.0890998156628888e-01   4.1487285623680437e-01  -4.1989981746653852e-02
   8.4444047072500128e-01   5.3138886229946447e-01  -6.7425280316948014e-02
   7.6845058492553497e-01   6.3679088199720835e-01  -6.3095729909562873e-02
   6.6233694865148196e-01   7.4753946176290176e-01  -4.9945165514544622e-02
   5.6535731314702242e-01   8.2481788854986604e-01  -6.8234301726105709e-03
   4.6470802570881353e-01   8.8536290580074906e-01  -1.3378186494089797e-02
   3.4225844392071653e-01   9.3957927420654164e-01  -7.0671809427854731e-03
  -2.6025388224610502e-01   9.6529955866222206e-01  -2.1556410238020317e-02
  -3.8931222522033598e-01   9.2085094415410462e-01  -2.1668639654681257e-02
  -9.1506890879739444e-01   4.0325216857914681e-01  -6.0481971331234705e-03
  -9.6720560010302947e-01   2.5359365792283400e-01  -1.4268279176395098e-02
  -9.9246869015060335e-01   1.2231524461082675e-01  -6.6992541778332412e-03
