   0.0000000000000000e+00   0.0000000000000000e+00   1.0000000000000000e+00
   1.9889695786909545e-01   0.0000000000000000e+00   9.8002040802751611e-01
   1.1430189060598046e-01   1.1309697597213722e-01   9.8698741219422670e-01
  -2.1997642999199971e-02   1.6837859788160747e-01   9.8547691575089857e-01
  -1.3785978094162932e-01   6.9122778801574858e-02   9.8803680207240996e-01
  -1.9335503617305572e-01  -6.7460676194695909e-02   9.7880686917995763e-01
  -5.7335592854166589e-02  -1.3409732573856997e-01   9.8930811025778265e-01
   1.0531310632301134e-01  -1.1266121664243971e-01   9.8803674015759324e-01
   3.3182809926330237e-01   9.6158004902371488e-02   9.3842620947653599e-01
   2.4168350598153368e-01   1.9649885738735129e-01   9.5025116784034491e-01
   1.0770222422641602e-01   2.7784561524424251e-01   9.5456903625994027e-01
  -2.8205286984009752e-02   3.3221380353433599e-01   9.4278229222201626e-01
  -1.5212416584983082e-01   2.5220365799254385e-01   9.5564195861194434e-01
  -2.5884147761835369e-01   1.5088391256760017e-01   9.5406243736594099e-01
  -3.1677135926990091e-01   5.5510872587091918e-03   9.4848568327442118e-01
  -3.2580266575876521e-01  -1.6510481449718917e-01   9.3090978253229839e-01
  -1.9623032294281817e-01  -2.2720983321117230e-01   9.5387072082641711e-01
  -5.2867485372422196e-02  -2.8492918922159571e-01   9.5708953923858187e-01
   8.3771249265928743e-02  -2.6199289242977469e-01   9.6142711742113152e-01
   2.3153302386436322e-01  -1.9828945867531120e-01   9.5240419436207668e-01
   3.1891565146692752e-01  -7.0988870990259842e-02   9.4512083219287546e-01
   4.5184701667167543e-01   3.4684750344196401e-02   8.9142091158917036e-01
   4.2778822454609361e-01   2.1792258822710459e-01   8.7721546981348930e-01
   3.2589480786895009e-01   3.1259873646982300e-01   8.9223012959747683e-01
   1.8582561670434553e-01   3.7884037090165806e-01   9.0661392750803460e-01
   1.2419146631749796e-02   4.5411191622230684e-01   8.9085808765585317e-01
  -1.3101042039659552e-01   4.7405065313389055e-01   8.7069641552658239e-01
  -2.1679222860344746e-01   3.7414595346956425e-01   9.0167396276009948e-01
  -3.3358587908079274e-01   2.8945169779595448e-01   8.9718346837251417e-01
  -4.0268164446468568e-01   1.5814227792001390e-01   9.0157557262022436e-01
  -4.4107251353210569e-01  -5.8265274031158963e-03   8.9745255550635727e-01
  -4.4599189919119869e-01  -1.6780990639488572e-01   8.7916497949563899e-01
  -3.3011271154928695e-01  -3.2669565488724422e-01   8.8560462213753832e-01
  -1.9799094255965027e-01  -3.7631571264167357e-01   9.0508898517401626e-01
  -5.9038342468199626e-02  -4.3010608868014194e-01   9.0084583953020370e-01
   8.3333739002699969e-02  -4.2013897131231370e-01   9.0362532762669989e-01
   2.0935938915215094e-01  -3.5518365110726730e-01   9.1105061339090776e-01
   3.5050258927580075e-01  -2.5866268593527819e-01   9.0013418433903891e-01
   4.3838691414564862e-01  -1.2811800861868214e-01   8.8960816620208638e-01
   5.4095905407258282e-01   1.4443762576710942e-01   8.2855360362480890e-01
   5.5339474835560154e-01   2.9252641995462453e-01   7.7986059403009400e-01
   4.4635664050403245e-01   3.8291513313339098e-01   8.0879030056955514e-01
   3.0874854081456793e-01   4.6063105739976573e-01   8.3216186376428525e-01
   1.4319069162149065e-01   5.0650063730244299e-01   8.5026674064388652e-01
   2.7519429272202033e-02   5.9698092991706919e-01   8.0178329386928704e-01
  -1.0524742600922672e-01   6.0628744536172485e-01   7.8825028570574329e-01
  -2.5274658423233703e-01   5.4629375826792914e-01   7.9855011980237500e-01
  -3.4857608354571318e-01   4.4683585671389942e-01   8.2391287836438598e-01
  -4.5349779863873857e-01   3.5642721905836633e-01   8.1688394778214213e-01
  -5.1258076399491526e-01   2.1506248815683401e-01   8.3126956312027966e-01
  -5.4991470101633300e-01   6.7944305848584075e-02   8.3245263703640893e-01
  -5.7076768610652451e-01  -8.2786405410814154e-02   8.1692757302943331e-01
  -5.6434958959132764e-01  -2.2975206189958203e-01   7.9292088557496743e-01
  -4.5400729026655884e-01  -3.2983012525584932e-01   8.2770131621166776e-01
  -3.4656921141564129e-01  -4.7030693434825205e-01   8.1160407170164539e-01
  -2.1200518597113260e-01  -5.1307447305081444e-01   8.3175019460471100e-01
  -7.1727804461404185e-02  -5.6104796670760726e-01   8.2466981339224865e-01
   8.2399057859883357e-02  -5.5216553618609943e-01   8.2965270801228685e-01
   2.2797183097861201e-01  -5.0822230758103915e-01   8.3050522596625653e-01
   3.3504009212256247e-01  -4.1656809120828553e-01   8.4511488098221910e-01
   4.6218189627009176e-01  -3.1780373956571167e-01   8.2788204345681482e-01
   5.4554763137924078e-01  -1.9230410174442228e-01   8.1571864901372149e-01
   5.6701481217549876e-01  -3.2424828963333700e-02   8.2306915459169183e-01
   6.5881754649873447e-01   5.7233845418218958e-02   7.5012247490928530e-01
   6.6618234515860686e-01   1.9309078169228069e-01   7.2035896123005427e-01
   6.5783433509537803e-01   3.4099419244900697e-01   6.7154817272156386e-01
   5.4899994246873196e-01   4.4968729668142843e-01   7.0454268740274217e-01
   4.1597316767455866e-01   5.2809360804151417e-01   7.4032659341704665e-01
   2.5748324056379834e-01   5.8622506218989145e-01   7.6814227672301894e-01
   1.5019386821738800e-01   6.6265025178137527e-01   7.3371414444862504e-01
   2.5911744168370218e-02   7.2517192762339111e-01   6.8808012389628592e-01
  -1.2836837266044102e-01   7.1273042512087248e-01   6.8959183725413298e-01
  -2.7120548634240060e-01   6.5718624847028673e-01   7.0324520545776392e-01
  -4.0604783659312577e-01   5.6261807754340376e-01   7.2012919203390635e-01
  -5.0883793962305135e-01   4.8508922517419772e-01   7.1117676763239701e-01
  -5.7971813108739323e-01   3.5044111601736611e-01   7.3560717281239374e-01
  -6.3864651693807817e-01   2.1106007228566501e-01   7.3998937309236479e-01
  -6.7141732391572762e-01   7.5068825176596271e-02   7.3726755566242608e-01
  -6.8512482019612309e-01  -6.8781747015066660e-02   7.2517105018663386e-01
  -6.8723571989840604e-01  -2.1266966114941491e-01   6.9460685320713078e-01
  -6.1758438783030878e-01  -3.4900852532404869e-01   7.0482804509993457e-01
  -5.0925071993526438e-01  -4.3481160614472808e-01   7.4269951622931374e-01
  -4.0874556943684381e-01  -5.5594672100033216e-01   7.2377503609528360e-01
  -2.5336277276965524e-01  -6.2552460523542264e-01   7.3792023526905726e-01
  -1.1329262639891148e-01  -6.7082314556853140e-01   7.3291274253704819e-01
   4.6276480932602136e-02  -6.6668574027846872e-01   7.4390094167291165e-01
   2.1303167829976247e-01  -6.3155324855926942e-01   7.4549178283534423e-01
   3.5290850952239639e-01  -5.8437923858902174e-01   7.3072326458981451e-01
   4.3890134921117807e-01  -4.8363024602305404e-01   7.5727629752441594e-01
   5.5497467718398918e-01  -3.8552680444553911e-01   7.3713783700101709e-01
   6.4098960252672910e-01  -2.5803768792765275e-01   7.2287542568659591e-01
   6.7222601648492786e-01  -1.0685173208493154e-01   7.3259462877587056e-01
   7.7491608855476035e-01   9.3742719943164465e-02   6.2507388215845994e-01
   7.6655904595641433e-01   2.3460732773953105e-01   5.9778476965652783e-01
   7.3020291927759262e-01   3.9239194696897028e-01   5.5931409479145300e-01
   6.1865465804342179e-01   5.0955162334860837e-01   5.9801635197039127e-01
   4.8822315053967946e-01   6.0287040605820175e-01   6.3101935689511812e-01
   3.5203393916539449e-01   6.5998096739518952e-01   6.6369965221612492e-01
   2.5052501227003315e-01   7.4002648184082631e-01   6.2417787881451636e-01
   1.2769773528903600e-01   7.9370583664278171e-01   5.9474728522392872e-01
  -4.8522730501312533e-02   8.0904975600365103e-01   5.8573375942925621e-01
  -2.2728814608086587e-01   7.7436002117608671e-01   5.9051389167003809e-01
  -3.8007967640481982e-01   6.9359949589478276e-01   6.1193069777427467e-01
  -4.9987106661769465e-01   6.3440451152627830e-01   5.8962685871116194e-01
  -6.0448941918777244e-01   5.2003787492698994e-01   6.0345103424507440e-01
  -6.7309205221873381e-01   3.8835336101619283e-01   6.2938760412594708e-01
  -7.3478513257878397e-01   2.5638512974120969e-01   6.2797888036840999e-01
  -7.7543956940954806e-01   1.2264439292181424e-01   6.1939634086647166e-01
  -7.8648764469499566e-01  -1.4955961254395177e-02   6.1742489742888995e-01
  -7.8915574447826087e-01  -1.5947001833707972e-01   5.9312943293056475e-01
  -7.4721167698523183e-01  -3.1501884338106045e-01   5.8518188462372644e-01
  -6.6907423064395355e-01  -4.4333972988324988e-01   5.9648097856951710e-01
  -5.5696270253331093e-01  -5.3491803542156879e-01   6.3533868398478599e-01
  -4.6975771196892813e-01  -6.4467605365228009e-01   6.0309242898003623e-01
  -3.3237159578220732e-01  -6.8876545576848824e-01   6.4430681298370229e-01
  -1.8749392497595230e-01  -7.6055763558084788e-01   6.2160929132114984e-01
  -4.0669232056494642e-02  -7.7176971375357217e-01   6.3460028561029191e-01
   1.1815098837955194e-01  -7.4773428942789544e-01   6.5340169601761455e-01
   2.7093181730486959e-01  -7.2042917871982626e-01   6.3841816141221841e-01
   4.0296424318257196e-01  -6.8935086610097263e-01   6.0200930401625519e-01
   4.9647520329758160e-01  -5.8804323781163270e-01   6.3852762115247330e-01
   5.9615367629936189e-01  -4.8318804907114915e-01   6.4119427903683957e-01
   6.9762558896514570e-01  -3.5143247018665730e-01   6.2435066790989957e-01
   7.5891955121908850e-01  -1.9480339516193779e-01   6.2136362301859871e-01
   7.6690201586902396e-01  -3.8082268601816113e-02   6.4063331077471031e-01
   8.6677778941727690e-01  -8.5229150316865100e-03   4.9862172404766059e-01
   8.6417494027475872e-01   1.2485413384435914e-01   4.8745575990349344e-01
   8.3353004966682065e-01   2.7843066842920006e-01   4.7718342299423649e-01
   7.5244386120690199e-01   4.7529832545272954e-01   4.5598216802182034e-01
   6.4094463117605061e-01   5.9017579078138860e-01   4.9079783591837384e-01
   5.1755173095237517e-01   6.8266636673412917e-01   5.1585544246254078e-01
   3.9654507515651000e-01   7.5133851660461604e-01   5.2748690679057897e-01
   2.9529187493667003e-01   8.2630749826630079e-01   4.7960257182929428e-01
   1.4850923609825498e-01   8.6639701073314801e-01   4.7676118401792961e-01
  -6.8460072668979311e-03   8.7849148326042059e-01   4.7770895535190433e-01
  -1.7663567863852295e-01   8.5483475748031879e-01   4.8791123622588667e-01
  -3.4530416954212445e-01   7.9780096521907740e-01   4.9424553654265041e-01
  -4.6614825785263225e-01   7.5792290269496165e-01   4.5635367345009881e-01
  -5.8475736938490053e-01   6.5645555157156621e-01   4.7657625597686021e-01
  -6.8952172779051757e-01   5.3533800492196471e-01   4.8782477119448303e-01
  -7.6115955656443490e-01   4.0633915791877423e-01   5.0549442943764900e-01
  -8.2239436687705869e-01   2.7546936980586734e-01   4.9777919967355005e-01
  -8.6278154104915983e-01   1.4258807961578451e-01   4.8505324653724330e-01
  -8.7370005072782730e-01   2.8111113896251332e-03   4.8645690354947901e-01
  -8.7009076693687315e-01  -1.4153690598257829e-01   4.7213277956109201e-01
  -8.3254271850750838e-01  -2.9270098129269662e-01   4.7031771964324309e-01
  -7.6203645948791943e-01  -4.4378164867438225e-01   4.7154881264929893e-01
  -6.4016325224768322e-01  -5.7682420865023432e-01   5.0740993564050352e-01
  -5.5939478130558995e-01  -6.8278905987169625e-01   4.6997508270928195e-01
  -4.3005873394401639e-01  -7.5313105184773854e-01   4.9783843172377590e-01
  -2.9859733476487682e-01  -7.9700896282891431e-01   5.2499175692737354e-01
  -1.6012026254725903e-01  -8.5609626596994925e-01   4.9138649240094784e-01
  -1.5861994370542320e-02  -8.5427894550683470e-01   5.1957278642969706e-01
   1.3079870277094216e-01  -8.3338249704089329e-01   5.3699656700888154e-01
   2.7430476934219911e-01  -8.1151284588975114e-01   5.1594941076818768e-01
   3.9928848420160407e-01  -7.9167078398755253e-01   4.6241331746016923e-01
   5.1541423071684178e-01  -6.9993152907119460e-01   4.9441280867977677e-01
   6.1582395423117398e-01  -5.8902396394735934e-01   5.2327012841439824e-01
   7.1542444142240891e-01  -4.5802045996173280e-01   5.2762214403100716e-01
   8.0164297782263017e-01  -3.0137427012658580e-01   5.1627714012275772e-01
   8.4698661735946934e-01  -1.4061265513841495e-01   5.1268094486618976e-01
   9.3714663997330305e-01   5.7935229233881239e-02   3.4409255208499645e-01
   9.1305105713945756e-01   2.0127305982413868e-01   3.5472090782127241e-01
   8.4422909678708780e-01   3.7659888647609807e-01   3.8137974624122484e-01
   7.6503716474329453e-01   5.5101121125111407e-01   3.3332383898713464e-01
   6.6370817904597290e-01   6.5306613465034169e-01   3.6468627180131202e-01
   5.4761126198489263e-01   7.4510087088642096e-01   3.8071852851103838e-01
   4.3300696073765649e-01   8.2063419778444080e-01   3.7291350924768724e-01
   2.8655764646482601e-01   8.9276774069589171e-01   3.4763555115277417e-01
   1.3417003540993686e-01   9.2890800664508444e-01   3.4514970199719441e-01
  -2.3138814288209689e-02   9.3654847977902433e-01   3.4977355574276081e-01
  -1.7244853947600616e-01   9.1653724400944780e-01   3.6086144373728574e-01
  -3.1225030024127381e-01   8.7654177674315015e-01   3.6629805298854112e-01
  -4.2643328773842509e-01   8.5168879138248366e-01   3.0459949727805152e-01
  -5.5063319433881452e-01   7.6360802541575001e-01   3.3720300830937527e-01
  -6.6663478400622322e-01   6.5744014573613385e-01   3.5124139779847596e-01
  -7.5855683533662521e-01   5.4751032090520257e-01   3.5330436746007837e-01
  -8.2870019259914440e-01   4.1912538365881097e-01   3.7093113047976373e-01
  -8.9035779755853517e-01   2.8668152726435525e-01   3.5366183601300699e-01
  -9.2799322081458513e-01   1.5041854267795748e-01   3.4088538270335406e-01
  -9.3786110218855745e-01   4.4549798057331612e-03   3.4698228507604634e-01
  -9.3280765256928111e-01  -1.4021093571655127e-01   3.3198008496546372e-01
  -8.9589806406508132e-01  -2.8329487775811624e-01   3.4221436416441281e-01
  -8.3320632991305654e-01  -4.2947794802636186e-01   3.4830432663387978e-01
  -7.2529535350834362e-01  -5.6641222005152680e-01   3.9131042300903213e-01
  -6.3077448237434852e-01  -6.9956548432735588e-01   3.3575539537467564e-01
  -5.1570502531856499e-01  -7.8669486633970054e-01   3.3935160841808154e-01
  -3.9018473239071760e-01  -8.4181964000885434e-01   3.7295518270235511e-01
  -2.6117987464213771e-01  -8.8886209220426582e-01   3.7644289623284494e-01
  -1.1000355665729621e-01  -9.2654103757724182e-01   3.5975119625657004e-01
   3.0264305663513420e-02  -9.2037525095466244e-01   3.8986339817024096e-01
   1.7285080112545514e-01  -8.9920914165694554e-01   4.0192725723800748e-01
   3.0813752194042476e-01  -8.8248467027618949e-01   3.5534782157759076e-01
   4.4969958467687932e-01  -8.3376955056151525e-01   3.2031019355913620e-01
   5.6297566393598342e-01  -7.4027560966311146e-01   3.6749207277674323e-01
   6.7439464850950037e-01  -6.1773172479829030e-01   4.0447419477573199e-01
   7.7241948006244132e-01  -4.8423467194430131e-01   4.1095611603559645e-01
   8.4832215952338419e-01  -3.4829277605327830e-01   3.9880027057498696e-01
   9.0016475638942606e-01  -2.0876920520506451e-01   3.8225492843442943e-01
   9.3238918025169693e-01  -7.9472633075709481e-02   3.5261099974558707e-01
   9.7980455104573649e-01   1.1253244609325148e-02   1.9964069283546754e-01
   9.6576024875895461e-01   1.6296728452212764e-01   2.0186333518627425e-01
   9.1586529220674862e-01   3.0907253563762710e-01   2.5625170096132976e-01
   8.5302202787210235e-01   4.5744196585120223e-01   2.5119766687442346e-01
   7.8842636795843024e-01   5.8752357518935461e-01   1.8220842709544605e-01
   6.9302965721363774e-01   6.8861900835434908e-01   2.1333953115965343e-01
   5.8643348262286399e-01   7.7507949304079959e-01   2.3526060002991631e-01
   4.3731914205431061e-01   8.6609945166289548e-01   2.4212333184167406e-01
   2.9303981251886013e-01   9.3191167261360885e-01   2.1370143360636870e-01
   1.3290892748308203e-01   9.6788104314086754e-01   2.1340455319379423e-01
  -2.7855825104028994e-02   9.7662690100533944e-01   2.1312894979443919e-01
  -1.7783761748802304e-01   9.6081882682374387e-01   2.1260518297357672e-01
  -3.0377525963583879e-01   9.3101605779694152e-01   2.0231087898929395e-01
  -4.4094119637230184e-01   8.8440092370350698e-01   1.5298976271027637e-01
  -5.6346411659611018e-01   8.0226642251584945e-01   1.9717194681846997e-01
  -6.8067435419232880e-01   7.0176625876262988e-01   2.1025351746678950e-01
  -7.7360777631569444e-01   6.0542799023967586e-01   1.8705068045381043e-01
  -8.4223184766834935e-01   4.9126380450258217e-01   2.2204816855539952e-01
  -9.0688083132937036e-01   3.5973679773509276e-01   2.1944610755866953e-01
  -9.5604929038004205e-01   2.1937883545880776e-01   1.9453195345895100e-01
  -9.7663944473428799e-01   6.7166195533531217e-02   2.0411785117096690e-01
  -9.7704774014902351e-01  -8.7636600385143995e-02   1.9415854280103323e-01
  -9.5205457991145170e-01  -2.4043569389138775e-01   1.8916329975076043e-01
  -9.0465618615796950e-01  -3.7311733679320558e-01   2.0586558194720889e-01
  -8.2687734632547960e-01  -5.1196638904959335e-01   2.3273218646601820e-01
  -7.3534964322861107e-01  -6.2584632481415736e-01   2.5995630386695118e-01
  -6.2668635386429061e-01  -7.5666811869320216e-01   1.8632651994166397e-01
  -5.0527725135402468e-01  -8.4058983955031474e-01   1.9520148797818596e-01
  -3.8187970879817029e-01  -8.9805323596282705e-01   2.1833065150115710e-01
  -2.4672029938508222e-01  -9.4092569111138891e-01   2.3192226645557443e-01
  -1.0633799341209627e-01  -9.7118828690148906e-01   2.1327339858135125e-01
   3.7865281905422848e-02  -9.6962428370596898e-01   2.4165050977374167e-01
   1.7794914550491345e-01  -9.5062310771977021e-01   2.5426326648432174e-01
   3.3130923461279277e-01  -9.1948922845703907e-01   2.1159808555789031e-01
   4.8735581021297492e-01  -8.5280077215358441e-01   1.8765702029475245e-01
   6.1384690027155708e-01  -7.5178770486875668e-01   2.4084690123638330e-01
   7.1571165371685430e-01  -6.4083277549058582e-01   2.7765118870791494e-01
   8.0954803606625769e-01  -5.1793804763471252e-01   2.7635512680897995e-01
   8.8150220018417491e-01  -3.9790323297446689e-01   2.5421819025971776e-01
   9.3253984006691060e-01  -2.6953650595714279e-01   2.4024886814383944e-01
   9.6912696402200105e-01  -1.3836585542218777e-01   2.0407796955767998e-01
   9.9239084163083702e-01   1.0635585977537093e-01   6.2039088796344365e-02
   9.5567548204956243e-01   2.7665581174686271e-01   1.0072703130749414e-01
   9.0201036242107202e-01   4.1530929841464753e-01   1.1787914461574432e-01
   8.4808517987814125e-01   5.2708051626925689e-01   5.4200157198983009e-02
   7.5406610477505120e-01   6.5559447151676797e-01   3.9751711233999266e-02
   6.5625992326171201e-01   7.5176167318823817e-01   6.4632034207136313e-02
   5.2829851827657959e-01   8.4041412920190339e-01   1.2085018421407906e-01
   3.9722582604741380e-01   9.1362674006802269e-01   8.6589970283095258e-02
   2.5172436451109564e-01   9.6489113386330205e-01   7.4966286445818306e-02
   9.8585799130058008e-02   9.9215448772791104e-01   7.6878558072159472e-02
  -5.8269016214021835e-02   9.9579441388376022e-01   7.0697998750662447e-02
  -1.9538697488598278e-01   9.7963714035422811e-01   4.6206095739575327e-02
  -3.3389208665564385e-01   9.4159444526701375e-01   4.3771852954207706e-02
  -5.0887871006297580e-01   8.6040664340194273e-01   2.7255576208254351e-02
  -6.3305062731527928e-01   7.7141589976654734e-01   6.4532262033028046e-02
  -7.3266286798003177e-01   6.7977650354465469e-01   3.3302058673279213e-02
  -8.2012936158988481e-01   5.7128363693332407e-01   3.1981814057398542e-02
  -8.8634876496714932e-01   4.5783148683244979e-01   6.9110031876693165e-02
  -9.4185583226273639e-01   3.2964979481664769e-01   6.5104562129010932e-02
  -9.8391037717597807e-01   1.6812205764949642e-01   6.0459436129722266e-02
  -9.9770561912076061e-01  -1.2460684320367442e-03   6.7690064915926981e-02
  -9.8254857426705078e-01  -1.7807558789852301e-01   5.3734385642540759e-02
  -9.4428051001217039e-01  -3.2736149591485003e-01   3.4187269612343370e-02
  -8.9022654006688584e-01  -4.4951724725539705e-01   7.3694991556220682e-02
  -8.0943479410500452e-01  -5.7872651146590504e-01   9.9453200143046039e-02
  -7.1458371155280165e-01  -6.9118520400209194e-01   1.0785700233183347e-01
  -5.8761895297740885e-01  -8.0821095246122476e-01   3.8717210946214511e-02
  -4.6590878136406788e-01  -8.8374010417384208e-01   4.3959478189076695e-02
  -3.3256827548475304e-01  -9.4015637218715509e-01   7.4191225741221944e-02
  -1.9528582972207792e-01  -9.7813727126126682e-01   7.1490721631009613e-02
  -4.4380450822182262e-02  -9.9671875335990057e-01   6.7691227537291940e-02
   9.3912058112710695e-02  -9.9081496096316946e-01   9.7294596317512597e-02
   2.4037830988074460e-01  -9.6504282299834454e-01   1.0445390331750461e-01
   4.0710449478881844e-01  -9.1038151719358118e-01   7.3969071070644835e-02
   5.8695518780714606e-01  -8.0477837366410510e-01   8.8404619725645034e-02
   6.9828180416384766e-01  -7.0679942689814390e-01   1.1330089192119086e-01
   7.8851566519611582e-01  -5.9974441564473024e-01   1.3619721598948992e-01
   8.6687601655840885e-01  -4.8711888119836372e-01   1.0602437217866294e-01
   9.2616954816716113e-01  -3.6592775558695767e-01   9.1141898921014181e-02
   9.7036331332548931e-01  -2.3027653598475295e-01   7.3264978856483545e-02
   9.9608913709371460e-01  -6.2801238289502070e-02   6.2148495019623301e-02
  -0.0000000000000000e+00  -0.0000000000000000e+00  -1.0000000000000000e+00
  -1.9889695786909545e-01  -0.0000000000000000e+00  -9.8002040802751611e-01
  -1.1430189060598046e-01  -1.1309697597213722e-01  -9.8698741219422670e-01
   2.1997642999199971e-02  -1.6837859788160747e-01  -9.8547691575089857e-01
   1.3785978094162932e-01  -6.9122778801574858e-02  -9.8803680207240996e-01
   1.9335503617305572e-01   6.7460676194695909e-02  -9.7880686917995763e-01
   5.7335592854166589e-02   1.3409732573856997e-01  -9.8930811025778265e-01
  -1.0531310632301134e-01   1.1266121664243971e-01  -9.8803674015759324e-01
  -3.3182809926330237e-01  -9.6158004902371488e-02  -9.3842620947653599e-01
  -2.4168350598153368e-01  -1.9649885738735129e-01  -9.5025116784034491e-01
  -1.0770222422641602e-01  -2.7784561524424251e-01  -9.5456903625994027e-01
   2.8205286984009752e-02  -3.3221380353433599e-01  -9.4278229222201626e-01
   1.5212416584983082e-01  -2.5220365799254385e-01  -9.5564195861194434e-01
   2.5884147761835369e-01  -1.5088391256760017e-01  -9.5406243736594099e-01
   3.1677135926990091e-01  -5.5510872587091918e-03  -9.4848568327442118e-01
   3.2580266575876521e-01   1.6510481449718917e-01  -9.3090978253229839e-01
   1.9623032294281817e-01   2.2720983321117230e-01  -9.5387072082641711e-01
   5.2867485372422196e-02   2.8492918922159571e-01  -9.5708953923858187e-01
  -8.3771249265928743e-02   2.6199289242977469e-01  -9.6142711742113152e-01
  -2.3153302386436322e-01   1.9828945867531120e-01  -9.5240419436207668e-01
  -3.1891565146692752e-01   7.0988870990259842e-02  -9.4512083219287546e-01
  -4.5184701667167543e-01  -3.4684750344196401e-02  -8.9142091158917036e-01
  -4.2778822454609361e-01  -2.1792258822710459e-01  -8.7721546981348930e-01
  -3.2589480786895009e-01  -3.1259873646982300e-01  -8.9223012959747683e-01
  -1.8582561670434553e-01  -3.7884037090165806e-01  -9.0661392750803460e-01
  -1.2419146631749796e-02  -4.5411191622230684e-01  -8.9085808765585317e-01
   1.3101042039659552e-01  -4.7405065313389055e-01  -8.7069641552658239e-01
   2.1679222860344746e-01  -3.7414595346956425e-01  -9.0167396276009948e-01
   3.3358587908079274e-01  -2.8945169779595448e-01  -8.9718346837251417e-01
   4.0268164446468568e-01  -1.5814227792001390e-01  -9.0157557262022436e-01
   4.4107251353210569e-01   5.8265274031158963e-03  -8.9745255550635727e-01
   4.4599189919119869e-01   1.6780990639488572e-01  -8.7916497949563899e-01
   3.3011271154928695e-01   3.2669565488724422e-01  -8.8560462213753832e-01
   1.9799094255965027e-01   3.7631571264167357e-01  -9.0508898517401626e-01
   5.9038342468199626e-02   4.3010608868014194e-01  -9.0084583953020370e-01
  -8.3333739002699969e-02   4.2013897131231370e-01  -9.0362532762669989e-01
  -2.0935938915215094e-01   3.5518365110726730e-01  -9.1105061339090776e-01
  -3.5050258927580075e-01   2.5866268593527819e-01  -9.0013418433903891e-01
  -4.3838691414564862e-01   1.2811800861868214e-01  -8.8960816620208638e-01
  -5.4095905407258282e-01  -1.4443762576710942e-01  -8.2855360362480890e-01
  -5.5339474835560154e-01  -2.9252641995462453e-01  -7.7986059403009400e-01
  -4.4635664050403245e-01  -3.8291513313339098e-01  -8.0879030056955514e-01
  -3.0874854081456793e-01  -4.6063105739976573e-01  -8.3216186376428525e-01
  -1.4319069162149065e-01  -5.0650063730244299e-01  -8.5026674064388652e-01
  -2.7519429272202033e-02  -5.9698092991706919e-01  -8.0178329386928704e-01
   1.0524742600922672e-01  -6.0628744536172485e-01  -7.8825028570574329e-01
   2.5274658423233703e-01  -5.4629375826792914e-01  -7.9855011980237500e-01
   3.4857608354571318e-01  -4.4683585671389942e-01  -8.2391287836438598e-01
   4.5349779863873857e-01  -3.5642721905836633e-01  -8.1688394778214213e-01
   5.1258076399491526e-01  -2.1506248815683401e-01  -8.3126956312027966e-01
   5.4991470101633300e-01  -6.7944305848584075e-02  -8.3245263703640893e-01
   5.7076768610652451e-01   8.2786405410814154e-02  -8.1692757302943331e-01
   5.6434958959132764e-01   2.2975206189958203e-01  -7.9292088557496743e-01
   4.5400729026655884e-01   3.2983012525584932e-01  -8.2770131621166776e-01
   3.4656921141564129e-01   4.7030693434825205e-01  -8.1160407170164539e-01
   2.1200518597113260e-01   5.1307447305081444e-01  -8.3175019460471100e-01
   7.1727804461404185e-02   5.6104796670760726e-01  -8.2466981339224865e-01
  -8.2399057859883357e-02   5.5216553618609943e-01  -8.2965270801228685e-01
  -2.2797183097861201e-01   5.0822230758103915e-01  -8.3050522596625653e-01
  -3.3504009212256247e-01   4.1656809120828553e-01  -8.4511488098221910e-01
  -4.6218189627009176e-01   3.1780373956571167e-01  -8.2788204345681482e-01
  -5.4554763137924078e-01   1.9230410174442228e-01  -8.1571864901372149e-01
  -5.6701481217549876e-01   3.2424828963333700e-02  -8.2306915459169183e-01
  -6.5881754649873447e-01  -5.7233845418218958e-02  -7.5012247490928530e-01
  -6.6618234515860686e-01  -1.9309078169228069e-01  -7.2035896123005427e-01
  -6.5783433509537803e-01  -3.4099419244900697e-01  -6.7154817272156386e-01
  -5.4899994246873196e-01  -4.4968729668142843e-01  -7.0454268740274217e-01
  -4.1597316767455866e-01  -5.2809360804151417e-01  -7.4032659341704665e-01
  -2.5748324056379834e-01  -5.8622506218989145e-01  -7.6814227672301894e-01
  -1.5019386821738800e-01  -6.6265025178137527e-01  -7.3371414444862504e-01
  -2.5911744168370218e-02  -7.2517192762339111e-01  -6.8808012389628592e-01
   1.2836837266044102e-01  -7.1273042512087248e-01  -6.8959183725413298e-01
   2.7120548634240060e-01  -6.5718624847028673e-01  -7.0324520545776392e-01
   4.0604783659312577e-01  -5.6261807754340376e-01  -7.2012919203390635e-01
   5.0883793962305135e-01  -4.8508922517419772e-01  -7.1117676763239701e-01
   5.7971813108739323e-01  -3.5044111601736611e-01  -7.3560717281239374e-01
   6.3864651693807817e-01  -2.1106007228566501e-01  -7.3998937309236479e-01
   6.7141732391572762e-01  -7.5068825176596271e-02  -7.3726755566242608e-01
   6.8512482019612309e-01   6.8781747015066660e-02  -7.2517105018663386e-01
   6.8723571989840604e-01   2.1266966114941491e-01  -6.9460685320713078e-01
   6.1758438783030878e-01   3.4900852532404869e-01  -7.0482804509993457e-01
   5.0925071993526438e-01   4.3481160614472808e-01  -7.4269951622931374e-01
   4.0874556943684381e-01   5.5594672100033216e-01  -7.2377503609528360e-01
   2.5336277276965524e-01   6.2552460523542264e-01  -7.3792023526905726e-01
   1.1329262639891148e-01   6.7082314556853140e-01  -7.3291274253704819e-01
  -4.6276480932602136e-02   6.6668574027846872e-01  -7.4390094167291165e-01
  -2.1303167829976247e-01   6.3155324855926942e-01  -7.4549178283534423e-01
  -3.5290850952239639e-01   5.8437923858902174e-01  -7.3072326458981451e-01
  -4.3890134921117807e-01   4.8363024602305404e-01  -7.5727629752441594e-01
  -5.5497467718398918e-01   3.8552680444553911e-01  -7.3713783700101709e-01
  -6.4098960252672910e-01   2.5803768792765275e-01  -7.2287542568659591e-01
  -6.7222601648492786e-01   1.0685173208493154e-01  -7.3259462877587056e-01
  -7.7491608855476035e-01  -9.3742719943164465e-02  -6.2507388215845994e-01
  -7.6655904595641433e-01  -2.3460732773953105e-01  -5.9778476965652783e-01
  -7.3020291927759262e-01  -3.9239194696897028e-01  -5.5931409479145300e-01
  -6.1865465804342179e-01  -5.0955162334860837e-01  -5.9801635197039127e-01
  -4.8822315053967946e-01  -6.0287040605820175e-01  -6.3101935689511812e-01
  -3.5203393916539449e-01  -6.5998096739518952e-01  -6.6369965221612492e-01
  -2.5052501227003315e-01  -7.4002648184082631e-01  -6.2417787881451636e-01
  -1.2769773528903600e-01  -7.9370583664278171e-01  -5.9474728522392872e-01
   4.8522730501312533e-02  -8.0904975600365103e-01  -5.8573375942925621e-01
   2.2728814608086587e-01  -7.7436002117608671e-01  -5.9051389167003809e-01
   3.8007967640481982e-01  -6.9359949589478276e-01  -6.1193069777427467e-01
   4.9987106661769465e-01  -6.3440451152627830e-01  -5.8962685871116194e-01
   6.0448941918777244e-01  -5.2003787492698994e-01  -6.0345103424507440e-01
   6.7309205221873381e-01  -3.8835336101619283e-01  -6.2938760412594708e-01
   7.3478513257878397e-01  -2.5638512974120969e-01  -6.2797888036840999e-01
   7.7543956940954806e-01  -1.2264439292181424e-01  -6.1939634086647166e-01
   7.8648764469499566e-01   1.4955961254395177e-02  -6.1742489742888995e-01
   7.8915574447826087e-01   1.5947001833707972e-01  -5.9312943293056475e-01
   7.4721167698523183e-01   3.1501884338106045e-01  -5.8518188462372644e-01
   6.6907423064395355e-01   4.4333972988324988e-01  -5.9648097856951710e-01
   5.5696270253331093e-01   5.3491803542156879e-01  -6.3533868398478599e-01
   4.6975771196892813e-01   6.4467605365228009e-01  -6.0309242898003623e-01
   3.3237159578220732e-01   6.8876545576848824e-01  -6.4430681298370229e-01
   1.8749392497595230e-01   7.6055763558084788e-01  -6.2160929132114984e-01
   4.0669232056494642e-02   7.7176971375357217e-01  -6.3460028561029191e-01
  -1.1815098837955194e-01   7.4773428942789544e-01  -6.5340169601761455e-01
  -2.7093181730486959e-01   7.2042917871982626e-01  -6.3841816141221841e-01
  -4.0296424318257196e-01   6.8935086610097263e-01  -6.0200930401625519e-01
  -4.9647520329758160e-01   5.8804323781163270e-01  -6.3852762115247330e-01
  -5.9615367629936189e-01   4.8318804907114915e-01  -6.4119427903683957e-01
  -6.9762558896514570e-01   3.5143247018665730e-01  -6.2435066790989957e-01
  -7.5891955121908850e-01   1.9480339516193779e-01  -6.2136362301859871e-01
  -7.6690201586902396e-01   3.8082268601816113e-02  -6.4063331077471031e-01
  -8.6677778941727690e-01   8.5229150316865100e-03  -4.9862172404766059e-01
  -8.6417494027475872e-01  -1.2485413384435914e-01  -4.8745575990349344e-01
  -8.3353004966682065e-01  -2.7843066842920006e-01  -4.7718342299423649e-01
  -7.5244386120690199e-01  -4.7529832545272954e-01  -4.5598216802182034e-01
  -6.4094463117605061e-01  -5.9017579078138860e-01  -4.9079783591837384e-01
  -5.1755173095237517e-01  -6.8266636673412917e-01  -5.1585544246254078e-01
  -3.9654507515651000e-01  -7.5133851660461604e-01  -5.2748690679057897e-01
  -2.9529187493667003e-01  -8.2630749826630079e-01  -4.7960257182929428e-01
  -1.4850923609825498e-01  -8.6639701073314801e-01  -4.7676118401792961e-01
   6.8460072668979311e-03  -8.7849148326042059e-01  -4.7770895535190433e-01
   1.7663567863852295e-01  -8.5483475748031879e-01  -4.8791123622588667e-01
   3.4530416954212445e-01  -7.9780096521907740e-01  -4.9424553654265041e-01
   4.6614825785263225e-01  -7.5792290269496165e-01  -4.5635367345009881e-01
   5.8475736938490053e-01  -6.5645555157156621e-01  -4.7657625597686021e-01
   6.8952172779051757e-01  -5.3533800492196471e-01  -4.8782477119448303e-01
   7.6115955656443490e-01  -4.0633915791877423e-01  -5.0549442943764900e-01
   8.2239436687705869e-01  -2.7546936980586734e-01  -4.9777919967355005e-01
   8.6278154104915983e-01  -1.4258807961578451e-01  -4.8505324653724330e-01
   8.7370005072782730e-01  -2.8111113896251332e-03  -4.8645690354947901e-01
   8.7009076693687315e-01   1.4153690598257829e-01  -4.7213277956109201e-01
   8.3254271850750838e-01   2.9270098129269662e-01  -4.7031771964324309e-01
   7.6203645948791943e-01   4.4378164867438225e-01  -4.7154881264929893e-01
   6.4016325224768322e-01   5.7682420865023432e-01  -5.0740993564050352e-01
   5.5939478130558995e-01   6.8278905987169625e-01  -4.6997508270928195e-01
   4.3005873394401639e-01   7.5313105184773854e-01  -4.9783843172377590e-01
   2.9859733476487682e-01   7.9700896282891431e-01  -5.2499175692737354e-01
   1.6012026254725903e-01   8.5609626596994925e-01  -4.9138649240094784e-01
   1.5861994370542320e-02   8.5427894550683470e-01  -5.1957278642969706e-01
  -1.3079870277094216e-01   8.3338249704089329e-01  -5.3699656700888154e-01
  -2.7430476934219911e-01   8.1151284588975114e-01  -5.1594941076818768e-01
  -3.9928848420160407e-01   7.9167078398755253e-01  -4.6241331746016923e-01
  -5.1541423071684178e-01   6.9993152907119460e-01  -4.9441280867977677e-01
  -6.1582395423117398e-01   5.8902396394735934e-01  -5.2327012841439824e-01
  -7.1542444142240891e-01   4.5802045996173280e-01  -5.2762214403100716e-01
  -8.0164297782263017e-01   3.0137427012658580e-01  -5.1627714012275772e-01
  -8.4698661735946934e-01   1.4061265513841495e-01  -5.1268094486618976e-01
  -9.3714663997330305e-01  -5.7935229233881239e-02  -3.4409255208499645e-01
  -9.1305105713945756e-01  -2.0127305982413868e-01  -3.5472090782127241e-01
  -8.4422909678708780e-01  -3.7659888647609807e-01  -3.8137974624122484e-01
  -7.6503716474329453e-01  -5.5101121125111407e-01  -3.3332383898713464e-01
  -6.6370817904597290e-01  -6.5306613465034169e-01  -3.6468627180131202e-01
  -5.4761126198489263e-01  -7.4510087088642096e-01  -3.8071852851103838e-01
  -4.3300696073765649e-01  -8.2063419778444080e-01  -3.7291350924768724e-01
  -2.8655764646482601e-01  -8.9276774069589171e-01  -3.4763555115277417e-01
  -1.3417003540993686e-01  -9.2890800664508444e-01  -3.4514970199719441e-01
   2.3138814288209689e-02  -9.3654847977902433e-01  -3.4977355574276081e-01
   1.7244853947600616e-01  -9.1653724400944780e-01  -3.6086144373728574e-01
   3.1225030024127381e-01  -8.7654177674315015e-01  -3.6629805298854112e-01
   4.2643328773842509e-01  -8.5168879138248366e-01  -3.0459949727805152e-01
   5.5063319433881452e-01  -7.6360802541575001e-01  -3.3720300830937527e-01
   6.6663478400622322e-01  -6.5744014573613385e-01  -3.5124139779847596e-01
   7.5855683533662521e-01  -5.4751032090520257e-01  -3.5330436746007837e-01
   8.2870019259914440e-01  -4.1912538365881097e-01  -3.7093113047976373e-01
   8.9035779755853517e-01  -2.8668152726435525e-01  -3.5366183601300699e-01
   9.2799322081458513e-01  -1.5041854267795748e-01  -3.4088538270335406e-01
   9.3786110218855745e-01  -4.4549798057331612e-03  -3.4698228507604634e-01
   9.3280765256928111e-01   1.4021093571655127e-01  -3.3198008496546372e-01
   8.9589806406508132e-01   2.8329487775811624e-01  -3.4221436416441281e-01
   8.3320632991305654e-01   4.2947794802636186e-01  -3.4830432663387978e-01
   7.2529535350834362e-01   5.6641222005152680e-01  -3.9131042300903213e-01
   6.3077448237434852e-01   6.9956548432735588e-01  -3.3575539537467564e-01
   5.1570502531856499e-01   7.8669486633970054e-01  -3.3935160841808154e-01
   3.9018473239071760e-01   8.4181964000885434e-01  -3.7295518270235511e-01
   2.6117987464213771e-01   8.8886209220426582e-01  -3.7644289623284494e-01
   1.1000355665729621e-01   9.2654103757724182e-01  -3.5975119625657004e-01
  -3.0264305663513420e-02   9.2037525095466244e-01  -3.8986339817024096e-01
  -1.7285080112545514e-01   8.9920914165694554e-01  -4.0192725723800748e-01
  -3.0813752194042476e-01   8.8248467027618949e-01  -3.5534782157759076e-01
  -4.4969958467687932e-01   8.3376955056151525e-01  -3.2031019355913620e-01
  -5.6297566393598342e-01   7.4027560966311146e-01  -3.6749207277674323e-01
  -6.7439464850950037e-01   6.1773172479829030e-01  -4.0447419477573199e-01
  -7.7241948006244132e-01   4.8423467194430131e-01  -4.1095611603559645e-01
  -8.4832215952338419e-01   3.4829277605327830e-01  -3.9880027057498696e-01
  -9.0016475638942606e-01   2.0876920520506451e-01  -3.8225492843442943e-01
  -9.3238918025169693e-01   7.9472633075709481e-02  -3.5261099974558707e-01
  -9.7980455104573649e-01  -1.1253244609325148e-02  -1.9964069283546754e-01
  -9.6576024875895461e-01  -1.6296728452212764e-01  -2.0186333518627425e-01
  -9.1586529220674862e-01  -3.0907253563762710e-01  -2.5625170096132976e-01
  -8.5302202787210235e-01  -4.5744196585120223e-01  -2.5119766687442346e-01
  -7.8842636795843024e-01  -5.8752357518935461e-01  -1.8220842709544605e-01
  -6.9302965721363774e-01  -6.8861900835434908e-01  -2.1333953115965343e-01
  -5.8643348262286399e-01  -7.7507949304079959e-01  -2.3526060002991631e-01
  -4.3731914205431061e-01  -8.6609945166289548e-01  -2.4212333184167406e-01
  -2.9303981251886013e-01  -9.3191167261360885e-01  -2.1370143360636870e-01
  -1.3290892748308203e-01  -9.6788104314086754e-01  -2.1340455319379423e-01
   2.7855825104028994e-02  -9.7662690100533944e-01  -2.1312894979443919e-01
   1.7783761748802304e-01  -9.6081882682374387e-01  -2.1260518297357672e-01
   3.0377525963583879e-01  -9.3101605779694152e-01  -2.0231087898929395e-01
   4.4094119637230184e-01  -8.8440092370350698e-01  -1.5298976271027637e-01
   5.6346411659611018e-01  -8.0226642251584945e-01  -1.9717194681846997e-01
   6.8067435419232880e-01  -7.0176625876262988e-01  -2.1025351746678950e-01
   7.7360777631569444e-01  -6.0542799023967586e-01  -1.8705068045381043e-01
   8.4223184766834935e-01  -4.9126380450258217e-01  -2.2204816855539952e-01
   9.0688083132937036e-01  -3.5973679773509276e-01  -2.1944610755866953e-01
   9.5604929038004205e-01  -2.1937883545880776e-01  -1.9453195345895100e-01
   9.7663944473428799e-01  -6.7166195533531217e-02  -2.0411785117096690e-01
   9.7704774014902351e-01   8.7636600385143995e-02  -1.9415854280103323e-01
   9.5205457991145170e-01   2.4043569389138775e-01  -1.8916329975076043e-01
   9.0465618615796950e-01   3.7311733679320558e-01  -2.0586558194720889e-01
   8.2687734632547960e-01   5.1196638904959335e-01  -2.3273218646601820e-01
   7.3534964322861107e-01   6.2584632481415736e-01  -2.5995630386695118e-01
   6.2668635386429061e-01   7.5666811869320216e-01  -1.8632651994166397e-01
   5.0527725135402468e-01   8.4058983955031474e-01  -1.9520148797818596e-01
   3.8187970879817029e-01   8.9805323596282705e-01  -2.1833065150115710e-01
   2.4672029938508222e-01   9.4092569111138891e-01  -2.3192226645557443e-01
   1.0633799341209627e-01   9.7118828690148906e-01  -2.1327339858135125e-01
  -3.7865281905422848e-02   9.6962428370596898e-01  -2.4165050977374167e-01
  -1.7794914550491345e-01   9.5062310771977021e-01  -2.5426326648432174e-01
  -3.3130923461279277e-01   9.1948922845703907e-01  -2.1159808555789031e-01
  -4.8735581021297492e-01   8.5280077215358441e-01  -1.8765702029475245e-01
  -6.1384690027155708e-01   7.5178770486875668e-01  -2.4084690123638330e-01
  -7.1571165371685430e-01   6.4083277549058582e-01  -2.7765118870791494e-01
  -8.0954803606625769e-01   5.1793804763471252e-01  -2.7635512680897995e-01
  -8.8150220018417491e-01   3.9790323297446689e-01  -2.5421819025971776e-01
  -9.3253984006691060e-01   2.6953650595714279e-01  -2.4024886814383944e-01
  -9.6912696402200105e-01   1.3836585542218777e-01  -2.0407796955767998e-01
  -9.9239084163083702e-01  -1.0635585977537093e-01  -6.2039088796344365e-02
  -9.5567548204956243e-01  -2.7665581174686271e-01  -1.0072703130749414e-01
  -9.0201036242107202e-01  -4.1530929841464753e-01  -1.1787914461574432e-01
  -8.4808517987814125e-01  -5.2708051626925689e-01  -5.4200157198983009e-02
  -7.5406610477505120e-01  -6.5559447151676797e-01  -3.9751711233999266e-02
  -6.5625992326171201e-01  -7.5176167318823817e-01  -6.4632034207136313e-02
  -5.2829851827657959e-01  -8.4041412920190339e-01  -1.2085018421407906e-01
  -3.9722582604741380e-01  -9.1362674006802269e-01  -8.6589970283095258e-02
  -2.5172436451109564e-01  -9.6489113386330205e-01  -7.4966286445818306e-02
  -9.8585799130058008e-02  -9.9215448772791104e-01  -7.6878558072159472e-02
   5.8269016214021835e-02  -9.9579441388376022e-01  -7.0697998750662447e-02
   1.9538697488598278e-01  -9.7963714035422811e-01  -4.6206095739575327e-02
   3.3389208665564385e-01  -9.4159444526701375e-01  -4.3771852954207706e-02
   5.0887871006297580e-01  -8.6040664340194273e-01  -2.7255576208254351e-02
   6.3305062731527928e-01  -7.7141589976654734e-01  -6.4532262033028046e-02
   7.3266286798003177e-01  -6.7977650354465469e-01  -3.3302058673279213e-02
   8.2012936158988481e-01  -5.7128363693332407e-01  -3.1981814057398542e-02
   8.8634876496714932e-01  -4.5783148683244979e-01  -6.9110031876693165e-02
   9.4185583226273639e-01  -3.2964979481664769e-01  -6.5104562129010932e-02
   9.8391037717597807e-01  -1.6812205764949642e-01  -6.0459436129722266e-02
   9.9770561912076061e-01   1.2460684320367442e-03  -6.7690064915926981e-02
   9.8254857426705078e-01   1.7807558789852301e-01  -5.3734385642540759e-02
   9.4428051001217039e-01   3.2736149591485003e-01  -3.4187269612343370e-02
   8.9022654006688584e-01   4.4951724725539705e-01  -7.3694991556220682e-02
   8.0943479410500452e-01   5.7872651146590504e-01  -9.9453200143046039e-02
   7.1458371155280165e-01   6.9118520400209194e-01  -1.0785700233183347e-01
   5.8761895297740885e-01   8.0821095246122476e-01  -3.8717210946214511e-02
   4.6590878136406788e-01   8.8374010417384208e-01  -4.3959478189076695e-02
   3.3256827548475304e-01   9.4015637218715509e-01  -7.4191225741221944e-02
   1.9528582972207792e-01   9.7813727126126682e-01  -7.1490721631009613e-02
   4.4380450822182262e-02   9.9671875335990057e-01  -6.7691227537291940e-02
  -9.3912058112710695e-02   9.9081496096316946e-01  -9.7294596317512597e-02
  -2.4037830988074460e-01   9.6504282299834454e-01  -1.0445390331750461e-01
  -4.0710449478881844e-01   9.1038151719358118e-01  -7.3969071070644835e-02
  -5.8695518780714606e-01   8.0477837366410510e-01  -8.8404619725645034e-02
  -6.9828180416384766e-01   7.0679942689814390e-01  -1.1330089192119086e-01
  -7.8851566519611582e-01   5.9974441564473024e-01  -1.3619721598948992e-01
  -8.6687601655840885e-01   4.8711888119836372e-01  -1.0602437217866294e-01
  -9.2616954816716113e-01   3.6592775558695767e-01  -9.1141898921014181e-02
  -9.7036331332548931e-01   2.3027653598475295e-01  -7.3264978856483545e-02
  -9.9608913709371460e-01   6.2801238289502070e-02  -6.2148495019623301e-02
