   0.0000000000000000e+00   0.0000000000000000e+00   1.0000000000000000e+00
   1.3486883784167086e-01   0.0000000000000000e+00   9.9086346010902893e-01
   6.7348062320313568e-02   8.1491989388710412e-02   9.9439594436379786e-01
  -3.0241354789468794e-02   1.2225084232109323e-01   9.9203840248867414e-01
  -1.1090742582533211e-01   6.7399055822969095e-02   9.9154269205666112e-01
  -8.8988981932328612e-02  -4.4231482201957890e-02   9.9505001737443610e-01
  -2.3903244271030015e-02  -1.3486652767948182e-01   9.9057541591995868e-01
   6.7044962738352074e-02  -8.2975515354031165e-02   9.9429373769683671e-01
   2.0966834897684059e-01   7.1170095176016718e-02   9.7517895844299396e-01
   1.5079767207300454e-01   1.5365956581342680e-01   9.7654943547748352e-01
   5.8072847551295007e-02   2.0165991854273671e-01   9.7773248981028593e-01
  -3.8095863084090492e-02   2.3607985414884949e-01   9.7098661560339550e-01
  -1.3307240613997762e-01   1.8546501194463766e-01   9.7359871819373933e-01
  -2.1644609566672468e-01   1.2978373439393531e-01   9.6762971738025672e-01
  -1.9911889952906842e-01   1.7017413853352047e-02   9.7982757231876083e-01
  -1.7755786967681106e-01  -9.5447901378842265e-02   9.7947072495210774e-01
  -1.2144693295001342e-01  -1.7912593508693056e-01   9.7630146054191058e-01
  -2.6467615227618636e-02  -2.4275332207891787e-01   9.6972691514869891e-01
   7.4757291420148239e-02  -2.0145808187907077e-01   9.7664015308870478e-01
   1.6087348668598517e-01  -1.3679771194984736e-01   9.7744877476355796e-01
   2.2277765265271879e-01  -5.7279486872707723e-02   9.7318506865967891e-01
   3.0511184103404737e-01   1.8409194412258318e-02   9.5213857500991206e-01
   3.0635399531817120e-01   1.2332189451486189e-01   9.4389561916869769e-01
   2.4511918593276688e-01   2.0370442767809271e-01   9.4785077455894839e-01
   1.5947649656321800e-01   2.6958836685533599e-01   9.4967855588098582e-01
   6.6879475490612433e-02   3.0975791452607399e-01   9.4846042096998340e-01
  -1.8659990025470405e-02   3.5338716947745963e-01   9.3529103129505020e-01
  -1.1691908107461538e-01   3.0289951852410041e-01   9.4582335039823140e-01
  -2.1994882913555722e-01   2.4882429738352593e-01   9.4324386114805547e-01
  -3.1308363395481920e-01   2.2216973151481481e-01   9.2337384008227130e-01
  -3.1103571461690505e-01   1.1540896745941180e-01   9.4336501655653082e-01
  -2.9387650752581118e-01   6.4171416778068570e-03   9.5582185506354622e-01
  -2.7957107678094562e-01  -9.7882567862936670e-02   9.5512251357409650e-01
  -2.5543972713922286e-01  -1.9471098543921991e-01   9.4701540533843864e-01
  -1.8026297580181624e-01  -2.5923709832104175e-01   9.4884212933931233e-01
  -9.5108245904046054e-02  -3.1875314599827581e-01   9.4305400347872836e-01
   1.1832204162624706e-02  -3.4294421751455223e-01   9.3928124787945466e-01
   1.0490003794200595e-01  -2.9327466841516564e-01   9.5025572921489943e-01
   1.9927735919177411e-01  -2.3997105887949455e-01   9.5010653350758867e-01
   2.7194339115996757e-01  -1.7407280185847196e-01   9.4643829786075229e-01
   3.2612354980408942e-01  -8.4315798153860338e-02   9.4155949171831788e-01
   4.0662323225892927e-01   6.1704829179823964e-02   9.1150977013040824e-01
   4.0422141913433574e-01   1.6585526243775123e-01   8.9949823581523958e-01
   3.4344308877786950e-01   2.4336931198681491e-01   9.0709328227794783e-01
   2.6044094974497567e-01   3.1461800141304813e-01   9.1279024144805265e-01
   1.7584898914948532e-01   3.7693092858123406e-01   9.0939551796453932e-01
   9.2099864863762884e-02   4.1837553513947584e-01   9.0359256664097998e-01
  -3.4397897101238724e-03   4.5257732151040148e-01   8.9171852952667796e-01
  -1.1623124119063760e-01   4.0658889533634962e-01   9.0618749095341788e-01
  -2.1744122146386058e-01   3.4835440898654463e-01   9.1179412201874799e-01
  -3.1545341407508420e-01   3.3913351252916046e-01   8.8627174400857844e-01
  -3.9433118648660587e-01   2.6239429659771546e-01   8.8071116064068122e-01
  -4.0791232863227916e-01   1.4130516809219060e-01   9.0202016696980181e-01
  -3.9791020636056446e-01   3.5066272116245398e-02   9.1675396057718916e-01
  -3.9139906903340788e-01  -6.1059427613525036e-02   9.1819307068790845e-01
  -3.7506657199306476e-01  -1.5616147537129191e-01   9.1374977985399952e-01
  -3.4061627974281194e-01  -2.5242672286553686e-01   9.0568278086619924e-01
  -2.6841277319946577e-01  -3.2372354400240638e-01   9.0728035922855410e-01
  -1.8551881487665489e-01  -3.7952359558803028e-01   9.0639098060312506e-01
  -9.0602938277328668e-02  -4.2477725679238243e-01   9.0075267953387350e-01
   8.6070965174846765e-03  -4.4058181997642293e-01   8.9767119692892094e-01
   1.1338848742698600e-01  -4.0015548865209644e-01   9.0940564976286686e-01
   2.0567033950710767e-01  -3.5060591458157697e-01   9.1366033300534999e-01
   2.9052072047683813e-01  -3.0782467697716237e-01   9.0600313422058565e-01
   3.5474766317832396e-01  -2.2734923006522834e-01   9.0689934560471830e-01
   4.0960581262155615e-01  -1.4062407808668584e-01   9.0135894455477850e-01
   4.2206649201325180e-01  -2.8752010557302841e-02   9.0610882249790525e-01
   5.2920487014824757e-01   1.9602072149069217e-02   8.4826762532754907e-01
   5.0108479065570322e-01   1.0632081240202176e-01   8.5884219587983923e-01
   4.9608140667482992e-01   2.0802492338533093e-01   8.4298805994038206e-01
   4.3499796626083809e-01   2.8747627952737298e-01   8.5330777452103090e-01
   3.5484083803755484e-01   3.5479198779553112e-01   8.6499169074442639e-01
   2.7644647939235717e-01   4.2322828152804631e-01   8.6281815334773049e-01
   2.0310059374762091e-01   4.8429822588987054e-01   8.5100257180533112e-01
   1.1184150273657188e-01   5.1542695758511214e-01   8.4960374861471766e-01
   1.9803908937801248e-02   5.4834615048556845e-01   8.3601692832049856e-01
  -8.8773891975128263e-02   5.0457705866363411e-01   8.5879053789264803e-01
  -1.9955433470727085e-01   4.5560412662129907e-01   8.6752691445578900e-01
  -2.9795664095733615e-01   4.3724283028788635e-01   8.4855202991405287e-01
  -3.9997889210358678e-01   3.8596251930282327e-01   8.3129406323214239e-01
  -4.7145792141800030e-01   3.1092968386066649e-01   8.2525763251637041e-01
  -4.8167395828908316e-01   1.9397573271903101e-01   8.5461313646716297e-01
  -4.9773470618295856e-01   7.7712827024871867e-02   8.6384077165688722e-01
  -5.0169832464189457e-01  -1.6518407625758957e-02   8.6488492486632318e-01
  -4.9059463435861911e-01  -1.0855997163397869e-01   8.6459911941741097e-01
  -4.6311832872592917e-01  -2.0351877672248686e-01   8.6261319322132135e-01
  -4.2813143985801344e-01  -2.9599927583908431e-01   8.5386644090738339e-01
  -3.5360418814757882e-01  -3.7357674597615792e-01   8.5755728262918796e-01
  -2.6942583910792173e-01  -4.4103086563963090e-01   8.5609666088249059e-01
  -1.7630892709334989e-01  -4.8952342775473384e-01   8.5398007933818210e-01
  -7.4551864011027300e-02  -5.2556533334536149e-01   8.4748044222746544e-01
   2.7718651047541135e-02  -5.3777239633953178e-01   8.4263427779751654e-01
   1.1833596216294623e-01  -4.9362165435296379e-01   8.6158822091113396e-01
   2.1940575986836755e-01  -4.5304930397838133e-01   8.6406448873986741e-01
   3.0559153410086032e-01  -4.2716553754623637e-01   8.5096616725855656e-01
   3.7436935844171293e-01  -3.5577435919217643e-01   8.5631313711827195e-01
   4.3854145487347851e-01  -2.7442840777625221e-01   8.5578644612008425e-01
   4.9258258262981819e-01  -1.8688463050289136e-01   8.4996266633984352e-01
   5.0609384085244769e-01  -7.8787469011692896e-02   8.5887225998861372e-01
   6.1185181129777333e-01   7.7734076531626034e-02   7.8714342680188165e-01
   5.9117812476470988e-01   1.6646961315942674e-01   7.8917443743080773e-01
   5.6553509124531820e-01   2.6868031999253661e-01   7.7973132950963175e-01
   4.9613379267159108e-01   3.4887102526208463e-01   7.9507249197911800e-01
   4.1706039981114140e-01   4.1989874259197318e-01   8.0606802993236915e-01
   3.4559112318482471e-01   4.8797268450190623e-01   8.0152943474076754e-01
   2.7491006251060179e-01   5.5180477534367489e-01   7.8736011293329655e-01
   1.8277439164718814e-01   5.9174750413256905e-01   7.8512955180076838e-01
   9.5627502657601240e-02   6.2259171746583375e-01   7.7668200318947378e-01
  -1.8723394640478629e-02   6.2425269768412661e-01   7.8099808189727804e-01
  -1.1453626520835242e-01   5.8274782291110427e-01   8.0454112315312409e-01
  -2.1075005898050583e-01   5.4362190693651946e-01   8.1244054240197505e-01
  -3.0915499819234066e-01   5.3254686088081060e-01   7.8791942992839581e-01
  -3.9421124579759298e-01   4.8245586599223472e-01   7.8219807661256280e-01
  -4.8858498859921823e-01   4.1675178433661864e-01   7.6655245036967057e-01
  -5.5422984981438705e-01   2.8173408687292611e-01   7.8323379515225233e-01
  -5.6747115982837670e-01   1.7667395935026955e-01   8.0421563952122710e-01
  -5.8925494170550452e-01   7.6479885925534244e-02   8.0431924055343829e-01
  -6.0714767125413693e-01  -1.7186256453621096e-02   7.9440313310043587e-01
  -5.8845725067707377e-01  -1.0527627246227840e-01   8.0164516500882588e-01
  -5.6116092928489025e-01  -2.0385299372352786e-01   8.0221092512759617e-01
  -5.3569139869725413e-01  -2.9248184312116993e-01   7.9214209382295975e-01
  -4.6943488682556639e-01  -3.7697877951225800e-01   7.9844717222150396e-01
  -3.8715688455655412e-01  -4.5394067663220222e-01   8.0252564372682911e-01
  -2.9447077835103141e-01  -5.2326792978554837e-01   7.9967345482720897e-01
  -1.8888728855319747e-01  -5.7361780921505945e-01   7.9704717625391330e-01
  -8.2161234362582700e-02  -6.1010560310591944e-01   7.8804865625593135e-01
   2.4127211734218650e-02  -6.2671796501341503e-01   7.7887256337823074e-01
   1.2530844690108853e-01  -5.9397545635450011e-01   7.9466404875500718e-01
   2.1174388871090477e-01  -5.5115440866688603e-01   8.0708942713966902e-01
   3.0457689453062914e-01  -5.3812788490280594e-01   7.8590794296031297e-01
   3.8399376881366520e-01  -4.8323105088611551e-01   7.8678874990163516e-01
   4.4875358712649854e-01  -4.0991760183858073e-01   7.9409557217252313e-01
   5.0834643129396495e-01  -3.2740230091544131e-01   7.9648706150568771e-01
   5.6602126046744028e-01  -2.4153161480594124e-01   7.8821469901803065e-01
   5.8681325471378110e-01  -1.3712159776226585e-01   7.9802748794721490e-01
   6.0837367684421639e-01  -4.0731853545316221e-02   7.9260481037514019e-01
   6.7884058213001430e-01   1.4692629122175499e-02   7.3413867266536337e-01
   6.9476835836366369e-01   1.2803363660999351e-01   7.0774594037202354e-01
   6.6546316824935703e-01   2.1647671046791189e-01   7.1435047807677698e-01
   6.2570994807344138e-01   3.1653449026664976e-01   7.1294668619298851e-01
   5.5379876519783933e-01   4.0108299622172244e-01   7.2968442343738860e-01
   4.7635664219303359e-01   4.7732179706737465e-01   7.3840927098930043e-01
   4.0831857945059130e-01   5.5195142560815735e-01   7.2706640786421561e-01
   3.3802016557355163e-01   6.1317261634692510e-01   7.1397598715075516e-01
   2.4347640291522990e-01   6.5579437935149487e-01   7.1459986932160036e-01
   1.6196810494773681e-01   7.0131221787184495e-01   6.9420998699479453e-01
   6.3544168286661332e-02   6.9905125159219395e-01   7.1224257547842762e-01
  -4.5646296418965636e-02   6.9916199400506873e-01   7.1350467536105766e-01
  -1.4026339626219142e-01   6.6511566022541246e-01   7.3344893359518160e-01
  -2.2993910118995500e-01   6.2967546942263719e-01   7.4204906370895518e-01
  -3.2157405991596938e-01   6.2167312794434237e-01   7.1422170646169647e-01
  -4.0943565267016735e-01   5.7146857694204245e-01   7.1118641149166439e-01
  -4.9035308216023404e-01   5.0553593380332684e-01   7.0992061137112861e-01
  -5.6794123396133711e-01   3.7925747830079631e-01   7.3048375746445904e-01
  -6.3800025440948338e-01   2.9308590802140866e-01   7.1207887617363075e-01
  -6.4926791462931266e-01   1.9547833281795804e-01   7.3500979342564898e-01
  -6.7338727923197528e-01   9.9342797020159745e-02   7.3258486255775790e-01
  -6.9505667491140510e-01   4.8374453429826684e-03   7.1893867456387051e-01
  -6.8911365483847853e-01  -8.9676101270383696e-02   7.1908314371573079e-01
  -6.5349958742414049e-01  -1.8081813765363788e-01   7.3501230624524116e-01
  -6.4094913935132414e-01  -2.7483966495353734e-01   7.1669195567762878e-01
  -5.8946906176457559e-01  -3.5893805318049260e-01   7.2366407897683360e-01
  -5.2079413089398829e-01  -4.3639004720992036e-01   7.3371465838055794e-01
  -4.3974988951572069e-01  -5.0877946137513186e-01   7.4011046091360055e-01
  -3.5048983908939674e-01  -5.7498172316050966e-01   7.3929215519066593e-01
  -2.4867607866723351e-01  -6.2717478059022647e-01   7.3811381404922183e-01
  -1.4187400758135019e-01  -6.7003850128173759e-01   7.2864269211523003e-01
  -3.0586653435983671e-02  -6.9714408304027076e-01   7.1627828678072269e-01
   9.0352259371219948e-02  -6.9018385689085548e-01   7.1797124797151801e-01
   1.8753109051171279e-01  -6.5996799746610824e-01   7.2751242766846447e-01
   2.7571211572677939e-01  -6.3164176013385953e-01   7.2457678412744009e-01
   3.7327072275119982e-01  -5.9947916592271122e-01   7.0802097226099692e-01
   4.4836698242028750e-01  -5.4040339437523932e-01   7.1199102552142124e-01
   5.1342759234046476e-01  -4.6298266366008545e-01   7.2252277512455332e-01
   5.7302257803516454e-01  -3.8053442130241799e-01   7.2583653756611588e-01
   6.2834885209310609e-01  -2.9655711042676725e-01   7.1918815363477873e-01
   6.6009933758843009e-01  -1.9408777318761020e-01   7.2567127600201353e-01
   6.8411861585785039e-01  -1.0147036363275279e-01   7.2227798300998758e-01
   7.5146887838569076e-01   5.9091316637150150e-02   6.5711699195488782e-01
   7.6158720690740456e-01   1.8007935726337487e-01   6.2254024075764613e-01
   7.2282269177065350e-01   2.7086459405139240e-01   6.3573558021460574e-01
   6.7672735455954791e-01   3.6684796034676576e-01   6.3832802036277059e-01
   6.0662735272628965e-01   4.4632632542899398e-01   6.5787237831766854e-01
   5.3077981861918111e-01   5.2600188126205050e-01   6.6452600028544639e-01
   4.6440220728330628e-01   6.0619114136267260e-01   6.4564920042064122e-01
   3.9839394693859825e-01   6.7145653430206609e-01   6.2484268867111159e-01
   3.0749883404635642e-01   7.0616231674053453e-01   6.3779248151398926e-01
   2.2059756100596531e-01   7.5759355137657181e-01   6.1431972700773096e-01
   1.1483984947923251e-01   7.7788890712195902e-01   6.1781927547478754e-01
   1.7048187452280403e-02   7.7019831420056650e-01   6.3757659626683072e-01
  -8.4296106908415921e-02   7.6947702208547852e-01   6.3308710209776731e-01
  -1.7544642862882123e-01   7.3412797957693510e-01   6.5595324550129253e-01
  -2.6530971777225226e-01   7.1164132747471975e-01   6.5052084877091099e-01
  -3.5604430145663191e-01   6.9231596479625446e-01   6.2763927561019517e-01
  -4.4266312185336082e-01   6.3190503577846535e-01   6.3619602820895771e-01
  -5.3315354896019607e-01   5.6449923842331384e-01   6.3014911175899191e-01
  -5.8303244944164234e-01   4.7304708265636169e-01   6.6052980287673946e-01
  -6.4755298152472829e-01   3.9885685416980027e-01   6.4929834898928063e-01
  -7.0800903928865622e-01   3.1668727492160520e-01   6.3121499521817581e-01
  -7.2552059693007398e-01   2.1319634970264528e-01   6.5434484784683411e-01
  -7.4882092925592991e-01   1.1324410841728681e-01   6.5302602384365926e-01
  -7.7329222243972273e-01   1.5922146209126756e-02   6.3384984339694328e-01
  -7.6877163820319294e-01  -8.0994468483410381e-02   6.3437375762989190e-01
  -7.3661596258707984e-01  -1.8000481557872708e-01   6.5191655143152960e-01
  -7.1615780264243534e-01  -2.8046573294812405e-01   6.3910638735364711e-01
  -6.7129527726115112e-01  -3.7671547635329000e-01   6.3831661470056389e-01
  -6.1254326793310876e-01  -4.5192089112985268e-01   6.4850462841079826e-01
  -5.4029500791798357e-01  -5.1964381234790780e-01   6.6185467642635754e-01
  -4.6085957619463891e-01  -5.8582961918190735e-01   6.6664241413135372e-01
  -3.7772254859611359e-01  -6.4486725980494775e-01   6.6443351323794209e-01
  -2.8509950208948515e-01  -6.8846596552077588e-01   6.6688296441570127e-01
  -1.8434968116993408e-01  -7.2793405419179646e-01   6.6039927907322726e-01
  -7.7476919884869225e-02  -7.5660059069665764e-01   6.4927103203717806e-01
   3.9538276373965141e-02  -7.5928573424061774e-01   6.4955515430182054e-01
   1.5093337605435617e-01  -7.5104650222627711e-01   6.4276610636102227e-01
   2.4664550457141757e-01  -7.2519099117044017e-01   6.4285614362775234e-01
   3.3976418967223193e-01  -6.8985592036177901e-01   6.3926450281411240e-01
   4.3159730325337797e-01  -6.5408658563451338e-01   6.2120407783384368e-01
   5.0773451353794319e-01  -5.8433497009292190e-01   6.3305474209494095e-01
   5.7557864194890518e-01  -5.0171921869933367e-01   6.4574534649502835e-01
   6.3904437478627441e-01  -4.1676858438904324e-01   6.4647214489131144e-01
   6.9530919533445990e-01  -3.3333292470224174e-01   6.3673721753388635e-01
   7.2327991846728723e-01  -2.3914727174422126e-01   6.4782307921163940e-01
   7.5943489570969136e-01  -1.5003380026914864e-01   6.3304699506056217e-01
   7.4940237572805168e-01  -4.8727388666199148e-02   6.6031940820100476e-01
   8.1592641381078557e-01  -5.3835408752277453e-03   5.7813069866035960e-01
   8.1155361205220367e-01   1.0447880162807850e-01   5.7486077860242113e-01
   8.1590835882621338e-01   2.2004416820582359e-01   5.3467196862760835e-01
   7.7214177208090951e-01   3.1484912967705908e-01   5.5196658354410466e-01
   7.2409362266203348e-01   4.1004518341860902e-01   5.5457314501819488e-01
   6.5550460057675963e-01   4.8888076694713523e-01   5.7559474835328706e-01
   5.8347986042440780e-01   5.6421043683661998e-01   5.8413854130997378e-01
   5.2049106643429599e-01   6.4451331656257338e-01   5.6008181057377815e-01
   4.6547181055436421e-01   7.1336441151924690e-01   5.2387709432369800e-01
   3.7591726654364227e-01   7.5090698323826588e-01   5.4297781836679393e-01
   2.8584224038760259e-01   7.9119573840608060e-01   5.4065101233443835e-01
   1.6676025378689285e-01   8.2834723434521151e-01   5.3481948086206665e-01
   4.8657381642271229e-02   8.3877162955592877e-01   5.4230490746793925e-01
  -4.3560591735751858e-02   8.3907443820833150e-01   5.4226982397419476e-01
  -1.4579059123117002e-01   8.1882820045005111e-01   5.5521660787137561e-01
  -2.3849257956046305e-01   7.9156360657909497e-01   5.6262629358579752e-01
  -3.2298720214388887e-01   7.7810998864476988e-01   5.3872452405890969e-01
  -4.1368253418760420e-01   7.2819581348572815e-01   5.4644086425703964e-01
  -5.0365492055580208e-01   6.5883657742274393e-01   5.5880773549568330e-01
  -5.9459673169804794e-01   5.8615524614215675e-01   5.5034239712566868e-01
  -6.4811108848084942e-01   5.0404539953046912e-01   5.7086798141105999e-01
  -7.0949322721908126e-01   4.3425628598681770e-01   5.5501426883566540e-01
  -7.6085275828272914e-01   3.4348660561928135e-01   5.5056337689107815e-01
  -7.8715320126721022e-01   2.1907837082976359e-01   5.7653664685721362e-01
  -8.1700889403242682e-01   1.0608212947449097e-01   5.6678307038766418e-01
  -8.4051857109770278e-01  -1.1796511881767898e-03   5.4178145046037729e-01
  -8.3128478951998008e-01  -1.0042299129852640e-01   5.4669993738007561e-01
  -7.9644792219304161e-01  -1.9958128322127763e-01   5.7082223031530133e-01
  -7.6720952946284504e-01  -3.1705367580661714e-01   5.5755403734428510e-01
  -7.2570452534010643e-01  -4.1266467882863278e-01   5.5050958642711401e-01
  -6.7039284376849306e-01  -4.9485944998768178e-01   5.5289018781479726e-01
  -6.0272845966016431e-01  -5.5789545036556243e-01   5.7050071899787458e-01
  -5.2747244148979866e-01  -6.2004953697097487e-01   5.8078515405515541e-01
  -4.5013898383666567e-01  -6.8111805077169785e-01   5.7745397751115801e-01
  -3.6394128839500334e-01  -7.2974353999816344e-01   5.7881007630511572e-01
  -2.7065278546848187e-01  -7.6612515126719949e-01   5.8292308438932372e-01
  -1.7266560996967212e-01  -7.9929328294065360e-01   5.7560128125270305e-01
  -7.1459998933606841e-02  -8.2080763280378588e-01   5.6671712386644391e-01
   3.2474758093989212e-02  -8.1990768079055765e-01   5.7157395415412870e-01
   1.4404137443095139e-01  -8.1362507699108211e-01   5.6326398477383433e-01
   2.5856995255625614e-01  -7.8895566263983252e-01   5.5739621637000580e-01
   3.5464310107012270e-01  -7.5678912181691615e-01   5.4908878695794516e-01
   4.4302974805359013e-01  -7.2142003467883675e-01   5.3223845774573497e-01
   5.2742411957287383e-01  -6.4938254832676423e-01   5.4783766210567930e-01
   6.0504453220950172e-01  -5.6192438218694807e-01   5.6405859868208907e-01
   6.7565393573407639e-01  -4.7214718665518118e-01   5.6618794870665523e-01
   7.4053322505520791e-01  -3.8924734620621088e-01   5.4781114086951088e-01
   7.7892538286482693e-01  -3.0098881443543990e-01   5.5016450404731776e-01
   8.0725730524423656e-01  -2.1133415380339876e-01   5.5106580239206893e-01
   8.2427758153138098e-01  -9.7842350191336136e-02   5.5766777125257438e-01
   8.6920364107530457e-01   4.0270818910301570e-02   4.9281161865942941e-01
   8.6701093981375921e-01   1.4261393596382529e-01   4.7744454705459555e-01
   8.6268793339591843e-01   2.4767284901739220e-01   4.4093955303724730e-01
   8.1588250319634703e-01   3.4298390343461849e-01   4.6550809118941749e-01
   7.6292811488828505e-01   4.4633399254530265e-01   4.6768221968723322e-01
   6.9629784232862846e-01   5.2883619642493651e-01   4.8528506274075905e-01
   6.2803115854278158e-01   6.0337492571198070e-01   4.9144232919181213e-01
   5.7524040955422240e-01   6.7599140299369820e-01   4.6058017140830321e-01
   5.1412463010236298e-01   7.4655251027307901e-01   4.2229754217503185e-01
   4.2210227170978765e-01   7.9212788818057223e-01   4.4086628469868672e-01
   3.3323214858603856e-01   8.3175489402208691e-01   4.4400465247454246e-01
   2.3229853176306592e-01   8.5672037913538712e-01   4.6050796313944697e-01
   1.1179550478184552e-01   8.8132244148945738e-01   4.5909968333427797e-01
   1.2783247184951522e-02   8.9981478499724232e-01   4.3608478681533386e-01
  -8.4621717636405511e-02   8.8846741406613694e-01   4.5107074727463320e-01
  -1.8265810176384156e-01   8.6698934386934168e-01   4.6364371609786587e-01
  -2.7493618296426919e-01   8.5045987916201182e-01   4.4847306411062643e-01
  -3.6558421671245667e-01   8.2161311208143473e-01   4.3737863979234198e-01
  -4.4917025323578019e-01   7.6562019503602796e-01   4.6051254115506934e-01
  -5.3519234856389086e-01   6.9865197266246026e-01   4.7482056730255440e-01
  -6.1665833657541058e-01   6.3952995359141529e-01   4.5905765911420093e-01
  -6.8351496091151653e-01   5.6059608418306506e-01   4.6748190190502764e-01
  -7.4196520146539591e-01   4.8648301068776489e-01   4.6132626212538846e-01
  -7.9469442700062709e-01   3.9350695121406792e-01   4.6218291513247661e-01
  -8.2236439096738512e-01   2.6703586134735702e-01   5.0240288337480399e-01
  -8.5701852245847143e-01   1.4545404683606286e-01   4.9433022608587379e-01
  -8.8595865599027623e-01   2.8569818068274737e-02   4.6288338204287383e-01
  -8.9956963205335239e-01  -6.8115591195275160e-02   4.3143335907589969e-01
  -8.7077904995577537e-01  -1.5389800081170568e-01   4.6696814827595856e-01
  -8.3295423105202482e-01  -2.5479197253770675e-01   4.9119069586350533e-01
  -8.1051065938559996e-01  -3.5911628292093351e-01   4.6271802035729265e-01
  -7.6717440347170374e-01  -4.5111768709233396e-01   4.5600029281821580e-01
  -7.1025055843217078e-01  -5.3625884852651262e-01   4.5603792783474523e-01
  -6.4292668577792622e-01  -6.0658234485087248e-01   4.6765707054403538e-01
  -5.7233848822295608e-01  -6.6244642936404230e-01   4.8331499368578662e-01
  -4.9365007006414557e-01  -7.2274413673777493e-01   4.8368431971362535e-01
  -4.0657865833810775e-01  -7.7512377901242446e-01   4.8360823172634521e-01
  -3.1380314656305197e-01  -8.1386446242537303e-01   4.8903192330172718e-01
  -2.1985584468468511e-01  -8.4569300651607260e-01   4.8627846578662065e-01
  -1.2493919387938496e-01  -8.7117799374993921e-01   4.7480427655887880e-01
  -2.4817930497380045e-02  -8.7956076058911781e-01   4.7513886260515442e-01
   7.8273776559125985e-02  -8.7106197985256106e-01   4.8489611584184567e-01
   1.9685267202098708e-01  -8.5270185643392693e-01   4.8388900540550867e-01
   3.0485233248269622e-01  -8.3188550655184590e-01   4.6371495486865461e-01
   3.9823042212650206e-01  -8.0310590888878430e-01   4.4320811138884569e-01
   4.9115935573390079e-01  -7.4981062300577839e-01   4.4333567068615842e-01
   5.7009581793436648e-01  -6.7593025735640133e-01   4.6702146156665503e-01
   6.4550024475189283e-01  -5.9072942086245084e-01   4.8411588008736078e-01
   7.1816403870062162e-01  -5.0265907547077826e-01   4.8122164058162897e-01
   7.8575904658127826e-01  -4.2186119957443891e-01   4.5234483417996063e-01
   8.2916722641065022e-01  -3.3827277460487826e-01   4.4503172988854039e-01
   8.5653849185606890e-01  -2.4635818690244554e-01   4.5348589362302200e-01
   8.7004986012272378e-01  -1.4258636845360734e-01   4.7189232715911034e-01
   8.8841042741705345e-01  -4.6752755375307702e-02   4.5666299644427616e-01
   9.2871602754876559e-01   6.0139977419136391e-03   3.7074299994093030e-01
   9.1513182816726868e-01   1.0108684618671035e-01   3.9027578275273089e-01
   9.1424258286345017e-01   1.9244740127084248e-01   3.5654522493404256e-01
   8.8325475934793973e-01   3.0532132590971994e-01   3.5586502783210300e-01
   8.3181158401832811e-01   4.0158199313390464e-01   3.8317279585523861e-01
   7.7713367197169325e-01   5.0271481378096483e-01   3.7860410971483449e-01
   7.1209827561556416e-01   5.8248441522682526e-01   3.9195401756226911e-01
   6.5625372810118188e-01   6.5545577571624525e-01   3.7377636419858778e-01
   5.9767269092466291e-01   7.2424735970120668e-01   3.4387950867811723e-01
   5.0210420069606410e-01   7.9868957507130012e-01   3.3164187660154232e-01
   4.0975017395111996e-01   8.4597904689460779e-01   3.4120997517997337e-01
   3.1368169972922727e-01   8.8452934441826581e-01   3.4527037248796155e-01
   2.1822222701723168e-01   9.0369774168767070e-01   3.6838763728475421e-01
   1.2367066445267649e-01   9.2353099823061457e-01   3.6303727365244232e-01
   1.6860717430107447e-02   9.4071101993975270e-01   3.3878974773692955e-01
  -9.2244495055735995e-02   9.3196685992092110e-01   3.5061192954754206e-01
  -1.9145024988734399e-01   9.1301447782859790e-01   3.6021016794844413e-01
  -2.8911039405388778e-01   8.9420627711932066e-01   3.4177523902472862e-01
  -3.8675779314842962e-01   8.5859549579003469e-01   3.3649990200298890e-01
  -4.7333144982781661e-01   8.0382724044587972e-01   3.6030418554474064e-01
  -5.5108857457697369e-01   7.4452511141721933e-01   3.7680730014145991e-01
  -6.2894821307014881e-01   6.9135273553364363e-01   3.5560587782827008e-01
  -6.9528582379292447e-01   6.1841301089165679e-01   3.6625533606011806e-01
  -7.6082319889186434e-01   5.3882251034385575e-01   3.6168821155063380e-01
  -8.1577846026182044e-01   4.4556145305617034e-01   3.6875533260324206e-01
  -8.5093273940101477e-01   3.2938024357350465e-01   4.0917249193823296e-01
  -8.7970435883932385e-01   2.2528059922234206e-01   4.1877069220889440e-01
  -9.0825389120642763e-01   1.1981279765393825e-01   4.0089869372039499e-01
  -9.3441502437944590e-01   3.3724265481095979e-02   3.5458600667781570e-01
  -9.4016559591779891e-01  -7.0618691719435675e-02   3.3331914531326501e-01
  -9.1899916185900776e-01  -1.7178838994294948e-01   3.5486517099209719e-01
  -8.8370768434760039e-01  -2.5217897786265758e-01   3.9429239372469133e-01
  -8.6173262735818568e-01  -3.4567362957729142e-01   3.7138473415209183e-01
  -8.2115549073062621e-01  -4.4373448603673421e-01   3.5889185828694953e-01
  -7.6480920984133882e-01  -5.3500813306046091e-01   3.5893337836014494e-01
  -6.9789615059071519e-01  -6.1872446364622335e-01   3.6072288682083237e-01
  -6.3122076477472877e-01  -6.8465387432027713e-01   3.6443026561393155e-01
  -5.5626139577926936e-01  -7.3641182588935261e-01   3.8505958273494362e-01
  -4.6799527825643833e-01  -7.9423698715829050e-01   3.8751519681091284e-01
  -3.7240497869705824e-01  -8.4264210213055502e-01   3.8893292424098413e-01
  -2.7993655938507195e-01  -8.7871296830290346e-01   3.8665105981485243e-01
  -1.8878515576826688e-01  -9.0640227136253926e-01   3.7788237247903078e-01
  -8.8253229493612972e-02  -9.2301384502073303e-01   3.7450875741962281e-01
   1.6712437631189455e-02  -9.2422797238496435e-01   3.8147522788459148e-01
   1.2186070517448187e-01  -9.0916554835475871e-01   3.9820594447994984e-01
   2.2080715199880530e-01  -8.9527195746098032e-01   3.8695261184046953e-01
   3.1709736113754045e-01  -8.7575926370362700e-01   3.6399859285014990e-01
   4.2522881323939865e-01  -8.3447273150369694e-01   3.5047926724382933e-01
   5.2661312155004592e-01  -7.7309105202108663e-01   3.5356589979273484e-01
   6.0808400214020297e-01  -6.9963871243875919e-01   3.7515266012410048e-01
   6.7738183095093063e-01  -6.2181053406047204e-01   3.9307189524181868e-01
   7.4469667170429221e-01  -5.4096842919238886e-01   3.9087085561559720e-01
   8.0923496587547816e-01  -4.6714149828938234e-01   3.5625495165746784e-01
   8.6022933464102502e-01  -3.8384770505157828e-01   3.3565820584293188e-01
   8.9104871531858476e-01  -2.9315607588355241e-01   3.4654249681915872e-01
   9.0998245955280288e-01  -1.8780092217177849e-01   3.6967923519946444e-01
   9.2971728908071405e-01  -1.0123402841319878e-01   3.5408676037892711e-01
   9.5994619773238055e-01   4.9063436457842599e-02   2.7585517334661813e-01
   9.5372579046331374e-01   1.4148165310554500e-01   2.6531124823431351e-01
   9.2905593049256474e-01   2.5704426838273964e-01   2.6605135238930283e-01
   8.8293861527349959e-01   3.7838677202273807e-01   2.7792598370272498e-01
   8.3633633674712859e-01   4.6747154713222233e-01   2.8637717167784155e-01
   7.7962777363962421e-01   5.5889570605558381e-01   2.8251747613617362e-01
   7.2228001530282793e-01   6.3439173255075387e-01   2.7542459796721036e-01
   6.6919914843666228e-01   7.0244162976028657e-01   2.4238039630167857e-01
   5.8683577140529897e-01   7.6958035684609227e-01   2.5173369213474145e-01
   4.9597757092334493e-01   8.3612131918797472e-01   2.3432325693438813e-01
   3.9880117142459109e-01   8.8444074035664377e-01   2.4232664415570521e-01
   2.9564104795282808e-01   9.2291178640434857e-01   2.4663780180922765e-01
   2.0357637275855217e-01   9.4537789195418942e-01   2.5459242301907581e-01
   1.1096632490856920e-01   9.6005378334917779e-01   2.5687196774505355e-01
   3.0551015361871876e-04   9.6908357589013849e-01   2.4673250617526732e-01
  -1.1643906694587547e-01   9.5922945049388886e-01   2.5752826057340961e-01
  -2.2901216889107764e-01   9.3931940709031048e-01   2.5540649553860595e-01
  -3.4265650651975810e-01   9.0804904819229038e-01   2.4090131717520841e-01
  -4.4797438015564045e-01   8.5983933589927042e-01   2.4493932139301638e-01
  -5.3117074504213224e-01   8.0576756442818265e-01   2.6190889967097497e-01
  -6.0651699297774631e-01   7.5221793680445681e-01   2.5749818014673137e-01
  -6.8152611210237468e-01   6.8978855095426639e-01   2.4436430487089322e-01
  -7.4056787573845573e-01   6.1695961452994685e-01   2.6630819638773884e-01
  -8.0974992629511722e-01   5.2066347806570457e-01   2.7058196442774202e-01
  -8.6405224845312545e-01   4.0968486016843336e-01   2.9252696848644477e-01
  -8.9419817783176903e-01   3.1693001121634135e-01   3.1617240036529687e-01
  -9.2296050677229324e-01   2.1399944120296879e-01   3.1991896177539825e-01
  -9.4996139967501481e-01   1.3326669063679014e-01   2.8251252767657015e-01
  -9.6688787544467680e-01   3.1251615917133366e-02   2.5328081810639957e-01
  -9.6895366460633003e-01  -8.0361032722563758e-02   2.3381809225491246e-01
  -9.5090573175071524e-01  -1.8311149321692616e-01   2.4949643359275572e-01
  -9.2195520793282115e-01  -2.7257787373002518e-01   2.7513614324251717e-01
  -8.9417740721870254e-01  -3.6006333053608408e-01   2.6608487823042748e-01
  -8.4953501970407208e-01  -4.5649719598083222e-01   2.6438714106030109e-01
  -7.8832568579678985e-01  -5.5546663572403177e-01   2.6457405335831169e-01
  -7.2172987700471936e-01  -6.4208962830814142e-01   2.5850898216090173e-01
  -6.5819251244258792e-01  -7.1244375467792043e-01   2.4332388494543836e-01
  -5.8327456251427467e-01  -7.6392418882958024e-01   2.7606270745040756e-01
  -4.9520293815889044e-01  -8.1813503212900818e-01   2.9228260167527775e-01
  -3.9945781528937208e-01  -8.6961560926013437e-01   2.9017606023820663e-01
  -3.0817149656277137e-01  -9.0990824699884942e-01   2.7766402494695408e-01
  -2.1636445648392552e-01  -9.3761450648726807e-01   2.7214969997237209e-01
  -1.1149136799668181e-01  -9.5439304809706449e-01   2.7695412003836090e-01
   2.4200519539241097e-03  -9.5887912727404401e-01   2.8380444433924601e-01
   1.0789111648406964e-01  -9.4987894658314442e-01   2.9341011199670142e-01
   1.9718627902012520e-01  -9.3975074566676731e-01   2.7925992799711175e-01
   2.9195326940581712e-01  -9.1776071050278851e-01   2.6921843685132568e-01
   3.9704229852123796e-01  -8.7794932699769701e-01   2.6751148089243415e-01
   5.0900821539567975e-01  -8.1843958828172825e-01   2.6658446502551569e-01
   6.1344385969090542e-01  -7.3971954022924846e-01   2.7658928542254502e-01
   6.9132644475973148e-01  -6.6249852277432253e-01   2.8838074501899497e-01
   7.5508271923008008e-01  -5.8779529132879038e-01   2.9042517558195702e-01
   8.1615613269734644e-01  -5.1600624229348546e-01   2.6005138910351611e-01
   8.7148772165159361e-01  -4.3076002325347740e-01   2.3442472859572266e-01
   9.1230584302256668e-01  -3.3952320285816845e-01   2.2895860653798339e-01
   9.3448888744634440e-01  -2.3850575582266742e-01   2.6428303706206990e-01
   9.5922931156872449e-01  -1.5527386837144203e-01   2.3615493564259663e-01
   9.6333746965916356e-01  -5.8399996074208857e-02   2.6185942795555922e-01
   9.8535645646075265e-01   1.5073220752305271e-03   1.7050038619097116e-01
   9.8317223261696762e-01   9.8654207838097349e-02   1.5375210010534807e-01
   9.6378429878414884e-01   2.0196486841551481e-01   1.7415515307635998e-01
   9.2704265200043834e-01   3.2312017857025133e-01   1.9022426651908295e-01
   8.9239734370602475e-01   4.1926978392350200e-01   1.6685271719444997e-01
   8.4545684441870861e-01   5.0205867602642162e-01   1.8204342902768070e-01
   7.9293665685214820e-01   5.8482898345860002e-01   1.7095765068261495e-01
   7.3891726765894994e-01   6.5704226956438372e-01   1.4932088789287157e-01
   6.6196239349403552e-01   7.3634650523720357e-01   1.3999862079536607e-01
   5.8011275320525912e-01   8.0082905239464341e-01   1.4880195700766680e-01
   4.9446468213305134e-01   8.5923283670460637e-01   1.3123875361956069e-01
   3.9643819224071253e-01   9.0621523667476056e-01   1.4700579767962704e-01
   2.9454130399771694e-01   9.4518065485999936e-01   1.4099273001735657e-01
   2.0011785540432914e-01   9.7038200430440469e-01   1.3532039635819265e-01
   1.0593254015434217e-01   9.8318303054540368e-01   1.4875962282825461e-01
   7.4531426185053548e-03   9.8942689416255514e-01   1.4484084980746420e-01
  -9.9634840010680834e-02   9.8127508808947583e-01   1.6483961948220252e-01
  -2.1857664058843490e-01   9.6145299939270823e-01   1.6683039935167437e-01
  -3.3242603261766868e-01   9.3085939161889242e-01   1.5163682228595457e-01
  -4.3736698755382897e-01   8.8737963657043084e-01   1.4583380540265298e-01
  -5.2905187212596816e-01   8.3607632276483823e-01   1.4519125012215506e-01
  -6.0473101273794394e-01   7.8359254186105742e-01   1.4241885609942165e-01
  -6.7753240923829261e-01   7.2286774049857638e-01   1.3569106152668087e-01
  -7.4794513160277243e-01   6.4755039949951398e-01   1.4579629700280905e-01
  -8.0205496678434407e-01   5.6967087641440584e-01   1.7939599444192567e-01
  -8.6440841579948946e-01   4.6369208328799161e-01   1.9439069574200143e-01
  -9.0900208107975411e-01   3.7293036875380164e-01   1.8611328983667380e-01
  -9.3347426627773056e-01   2.8387311968181311e-01   2.1918450246166513e-01
  -9.6217362388334704e-01   1.9860617370697869e-01   1.8648727910680823e-01
  -9.8097640263607599e-01   9.8859133593771936e-02   1.6706935438994297e-01
  -9.8875253759705384e-01  -1.3369360378805801e-02   1.4896200723153619e-01
  -9.8203665329483902e-01  -1.3124818064559421e-01   1.3556521184542011e-01
  -9.6161754639944108e-01  -2.3123102969838588e-01   1.4772916218994403e-01
  -9.3516714635556530e-01  -3.1837699242704687e-01   1.5523691271826048e-01
  -8.9925698968574230e-01  -4.0842357360941201e-01   1.5661114590428757e-01
  -8.5032769971411448e-01  -4.9829099500490442e-01   1.6925982215494931e-01
  -7.9049882559414730e-01  -5.8936624593667442e-01   1.6661042849949506e-01
  -7.2695394096629107e-01  -6.7121185604564471e-01   1.4495727652428750e-01
  -6.5357958691391349e-01  -7.4495411934259237e-01   1.3370521173066152e-01
  -5.7253293381881742e-01  -8.0088965596057582e-01   1.7544742422779530e-01
  -4.8455966108681164e-01  -8.5346292040961436e-01   1.9184102359330399e-01
  -3.9490821702924200e-01  -9.0048765424404742e-01   1.8212491503591147e-01
  -3.0392045658460826e-01  -9.3847605875379470e-01   1.6399708294767734e-01
  -2.0203276421299887e-01  -9.6446907108048385e-01   1.7024151407222410e-01
  -9.0477190286481657e-02  -9.7868914641375848e-01   1.8434053468993961e-01
   1.9960939676734239e-02  -9.8224664249705340e-01   1.8652907063106183e-01
   1.1705918652919688e-01  -9.7740852849805548e-01   1.7598214474311971e-01
   2.0534439983441596e-01  -9.6573518930866697e-01   1.5871112622496478e-01
   2.9945713309096389e-01  -9.3949792479633809e-01   1.6634023789905705e-01
   3.9824336895906526e-01  -9.0140271740889111e-01   1.6992751433479131e-01
   4.9244973645643575e-01  -8.5216760814670478e-01   1.7692830381120825e-01
   5.9172332171402842e-01  -7.8319041040317716e-01   1.9098767392745356e-01
   6.8275571601882312e-01  -7.0705759146440073e-01   1.8415806959290365e-01
   7.5179694773053718e-01  -6.3424216337305994e-01   1.8038355685291454e-01
   8.1222507066932903e-01  -5.6083815001307580e-01   1.6047119388262152e-01
   8.6818746165269489e-01  -4.7676946468160591e-01   1.3762779143859469e-01
   9.1374367404803269e-01  -3.8968746177619218e-01   1.1496164695945961e-01
   9.4592981438749657e-01  -2.8908085778458664e-01   1.4713614075190307e-01
   9.7138068551159651e-01  -1.9873132093980378e-01   1.3009775514028504e-01
   9.8602148010188684e-01  -9.4911277321233417e-02   1.3694338324627525e-01
   9.9693349425771016e-01   5.6191087502365768e-02   5.4462553304207684e-02
   9.8400058071752672e-01   1.6827327072373510e-01   5.8540272526755449e-02
   9.5930643645829416e-01   2.6718508738572305e-01   9.1341611811770210e-02
   9.3095540808663102e-01   3.5798898527983064e-01   7.1874297023146572e-02
   8.9016222660766120e-01   4.5215445588545211e-01   5.6281065588895507e-02
   8.4295806191910316e-01   5.3392289578821162e-01   6.5939723981223178e-02
   7.9237174049015702e-01   6.0837791721753620e-01   4.4981493023820388e-02
   7.1881989304607896e-01   6.9338110131374286e-01   5.0205674003691747e-02
   6.2263195645666847e-01   7.8122336170844864e-01   4.4938913203278558e-02
   5.3969828711058887e-01   8.4136742953558252e-01   2.8750780973444235e-02
   4.4849133894408588e-01   8.9314314706050502e-01   3.3923999631503866e-02
   3.5498472712027329e-01   9.3379648492535106e-01   4.4832669476661736e-02
   2.5196673200842140e-01   9.6733669416108381e-01   2.7793633992375871e-02
   1.4720608105129662e-01   9.8866152658950390e-01   2.9643811212979265e-02
   5.2479712520913303e-02   9.9811231677665535e-01   3.1901142181117073e-02
  -4.5754591605796938e-02   9.9803620722831254e-01   4.2781379224046026e-02
  -1.4151289692653055e-01   9.8748734714753084e-01   6.9590511041327616e-02
  -2.4469573009756695e-01   9.6736783565530016e-01   6.5753100395333719e-02
  -3.4281028919264134e-01   9.3821745312199900e-01   4.7213517989312774e-02
  -4.3810619435766579e-01   8.9783499235602215e-01   4.4218649532802246e-02
  -5.2942383793772030e-01   8.4769410915407728e-01   3.3542467541460869e-02
  -6.0685857980854252e-01   7.9455101761229008e-01   2.0281630211427263e-02
  -6.8017444573024233e-01   7.3258983674832057e-01   2.5977961209961934e-02
  -7.5251201395778822e-01   6.5741610466450340e-01   3.9111816333995804e-02
  -8.1484445382517867e-01   5.7652160376696693e-01   6.0426454970572807e-02
  -8.6051804721858971e-01   5.0004094092146145e-01   9.7302352558838984e-02
  -9.1000342848417382e-01   4.0790601203676469e-01   7.4205427640515256e-02
  -9.4483623842829312e-01   3.1391036447129955e-01   9.3513451600128750e-02
  -9.7103554454663044e-01   2.2403243477655149e-01   8.3062864115794915e-02
  -9.9103584272850442e-01   1.1540485207265692e-01   6.7302886605934004e-02
  -9.9847647716312904e-01   6.1895741289085607e-03   5.4830773512783489e-02
  -9.9346448758893902e-01  -1.0583553303595099e-01   4.2745196766922046e-02
  -9.7522437861797873e-01  -2.1875435125869278e-01   3.2923322350059625e-02
  -9.5079012239531469e-01  -3.0812993435424629e-01   3.2466701562529399e-02
  -9.1616220693158712e-01  -3.9803781972023872e-01   4.7039394794178166e-02
  -8.7055386520334865e-01  -4.8902380805071333e-01   5.4696279024161021e-02
  -8.2098566838296505e-01  -5.6741705333975911e-01   6.3406781096354836e-02
  -7.5565489146498377e-01  -6.5301971545848958e-01   5.0506793875247112e-02
  -6.7387445959800629e-01  -7.3808778476677017e-01   3.3460942598451088e-02
  -5.8101639907878910e-01  -8.1107369363629167e-01   6.7671319572622443e-02
  -4.9372223927231623e-01  -8.6565001035172384e-01   8.2996445863603968e-02
  -4.0807100407699493e-01  -9.1028066821813336e-01   6.9765039238445459e-02
  -3.1123756846895267e-01  -9.4832987980641548e-01   6.1657238341362559e-02
  -1.9831664867757759e-01  -9.7743482936994430e-01   7.2743805178463350e-02
  -9.2061309470194377e-02  -9.9232988950033718e-01   8.2499125467374049e-02
   7.2093851851942285e-03  -9.9692225616764796e-01   7.8064331950372795e-02
   1.0253056774975078e-01  -9.9296799071097197e-01   5.9178138702808809e-02
   1.9376975691755882e-01  -9.8025764218210609e-01   3.9347633317497216e-02
   2.8741376324432716e-01  -9.5624443437517626e-01   5.4680073374432002e-02
   3.8272335657269807e-01  -9.2164838265112436e-01   6.3930361255776821e-02
   4.7471200157687349e-01  -8.7768860527635140e-01   6.5659940046664103e-02
   5.5961012502110508e-01  -8.2404433385886167e-01   8.8246494598755942e-02
   6.4160076692639600e-01  -7.6161481719714530e-01   9.1056719165689748e-02
   7.1791557680485818e-01  -6.9212748979517724e-01   7.4543694909593186e-02
   7.8467775505403026e-01  -6.1684749739205547e-01   6.1481588175042221e-02
   8.4289802862084195e-01  -5.3659134828916522e-01   3.9907872510496031e-02
   8.8996365192031246e-01  -4.5575694102523440e-01   1.5821155709428120e-02
   9.3735740460302519e-01  -3.4742634924050042e-01   2.5613041391025038e-02
   9.6596341470731928e-01  -2.5731381341169024e-01   2.6538328404578908e-02
   9.8772287655590540e-01  -1.5422697099683241e-01   2.4850765486601995e-02
   9.9791342484454548e-01  -4.5089586298200236e-02   4.6213912650702238e-02
  -0.0000000000000000e+00  -0.0000000000000000e+00  -1.0000000000000000e+00
  -1.3486883784167086e-01  -0.0000000000000000e+00  -9.9086346010902893e-01
  -6.7348062320313568e-02  -8.1491989388710412e-02  -9.9439594436379786e-01
   3.0241354789468794e-02  -1.2225084232109323e-01  -9.9203840248867414e-01
   1.1090742582533211e-01  -6.7399055822969095e-02  -9.9154269205666112e-01
   8.8988981932328612e-02   4.4231482201957890e-02  -9.9505001737443610e-01
   2.3903244271030015e-02   1.3486652767948182e-01  -9.9057541591995868e-01
  -6.7044962738352074e-02   8.2975515354031165e-02  -9.9429373769683671e-01
  -2.0966834897684059e-01  -7.1170095176016718e-02  -9.7517895844299396e-01
  -1.5079767207300454e-01  -1.5365956581342680e-01  -9.7654943547748352e-01
  -5.8072847551295007e-02  -2.0165991854273671e-01  -9.7773248981028593e-01
   3.8095863084090492e-02  -2.3607985414884949e-01  -9.7098661560339550e-01
   1.3307240613997762e-01  -1.8546501194463766e-01  -9.7359871819373933e-01
   2.1644609566672468e-01  -1.2978373439393531e-01  -9.6762971738025672e-01
   1.9911889952906842e-01  -1.7017413853352047e-02  -9.7982757231876083e-01
   1.7755786967681106e-01   9.5447901378842265e-02  -9.7947072495210774e-01
   1.2144693295001342e-01   1.7912593508693056e-01  -9.7630146054191058e-01
   2.6467615227618636e-02   2.4275332207891787e-01  -9.6972691514869891e-01
  -7.4757291420148239e-02   2.0145808187907077e-01  -9.7664015308870478e-01
  -1.6087348668598517e-01   1.3679771194984736e-01  -9.7744877476355796e-01
  -2.2277765265271879e-01   5.7279486872707723e-02  -9.7318506865967891e-01
  -3.0511184103404737e-01  -1.8409194412258318e-02  -9.5213857500991206e-01
  -3.0635399531817120e-01  -1.2332189451486189e-01  -9.4389561916869769e-01
  -2.4511918593276688e-01  -2.0370442767809271e-01  -9.4785077455894839e-01
  -1.5947649656321800e-01  -2.6958836685533599e-01  -9.4967855588098582e-01
  -6.6879475490612433e-02  -3.0975791452607399e-01  -9.4846042096998340e-01
   1.8659990025470405e-02  -3.5338716947745963e-01  -9.3529103129505020e-01
   1.1691908107461538e-01  -3.0289951852410041e-01  -9.4582335039823140e-01
   2.1994882913555722e-01  -2.4882429738352593e-01  -9.4324386114805547e-01
   3.1308363395481920e-01  -2.2216973151481481e-01  -9.2337384008227130e-01
   3.1103571461690505e-01  -1.1540896745941180e-01  -9.4336501655653082e-01
   2.9387650752581118e-01  -6.4171416778068570e-03  -9.5582185506354622e-01
   2.7957107678094562e-01   9.7882567862936670e-02  -9.5512251357409650e-01
   2.5543972713922286e-01   1.9471098543921991e-01  -9.4701540533843864e-01
   1.8026297580181624e-01   2.5923709832104175e-01  -9.4884212933931233e-01
   9.5108245904046054e-02   3.1875314599827581e-01  -9.4305400347872836e-01
  -1.1832204162624706e-02   3.4294421751455223e-01  -9.3928124787945466e-01
  -1.0490003794200595e-01   2.9327466841516564e-01  -9.5025572921489943e-01
  -1.9927735919177411e-01   2.3997105887949455e-01  -9.5010653350758867e-01
  -2.7194339115996757e-01   1.7407280185847196e-01  -9.4643829786075229e-01
  -3.2612354980408942e-01   8.4315798153860338e-02  -9.4155949171831788e-01
  -4.0662323225892927e-01  -6.1704829179823964e-02  -9.1150977013040824e-01
  -4.0422141913433574e-01  -1.6585526243775123e-01  -8.9949823581523958e-01
  -3.4344308877786950e-01  -2.4336931198681491e-01  -9.0709328227794783e-01
  -2.6044094974497567e-01  -3.1461800141304813e-01  -9.1279024144805265e-01
  -1.7584898914948532e-01  -3.7693092858123406e-01  -9.0939551796453932e-01
  -9.2099864863762884e-02  -4.1837553513947584e-01  -9.0359256664097998e-01
   3.4397897101238724e-03  -4.5257732151040148e-01  -8.9171852952667796e-01
   1.1623124119063760e-01  -4.0658889533634962e-01  -9.0618749095341788e-01
   2.1744122146386058e-01  -3.4835440898654463e-01  -9.1179412201874799e-01
   3.1545341407508420e-01  -3.3913351252916046e-01  -8.8627174400857844e-01
   3.9433118648660587e-01  -2.6239429659771546e-01  -8.8071116064068122e-01
   4.0791232863227916e-01  -1.4130516809219060e-01  -9.0202016696980181e-01
   3.9791020636056446e-01  -3.5066272116245398e-02  -9.1675396057718916e-01
   3.9139906903340788e-01   6.1059427613525036e-02  -9.1819307068790845e-01
   3.7506657199306476e-01   1.5616147537129191e-01  -9.1374977985399952e-01
   3.4061627974281194e-01   2.5242672286553686e-01  -9.0568278086619924e-01
   2.6841277319946577e-01   3.2372354400240638e-01  -9.0728035922855410e-01
   1.8551881487665489e-01   3.7952359558803028e-01  -9.0639098060312506e-01
   9.0602938277328668e-02   4.2477725679238243e-01  -9.0075267953387350e-01
  -8.6070965174846765e-03   4.4058181997642293e-01  -8.9767119692892094e-01
  -1.1338848742698600e-01   4.0015548865209644e-01  -9.0940564976286686e-01
  -2.0567033950710767e-01   3.5060591458157697e-01  -9.1366033300534999e-01
  -2.9052072047683813e-01   3.0782467697716237e-01  -9.0600313422058565e-01
  -3.5474766317832396e-01   2.2734923006522834e-01  -9.0689934560471830e-01
  -4.0960581262155615e-01   1.4062407808668584e-01  -9.0135894455477850e-01
  -4.2206649201325180e-01   2.8752010557302841e-02  -9.0610882249790525e-01
  -5.2920487014824757e-01  -1.9602072149069217e-02  -8.4826762532754907e-01
  -5.0108479065570322e-01  -1.0632081240202176e-01  -8.5884219587983923e-01
  -4.9608140667482992e-01  -2.0802492338533093e-01  -8.4298805994038206e-01
  -4.3499796626083809e-01  -2.8747627952737298e-01  -8.5330777452103090e-01
  -3.5484083803755484e-01  -3.5479198779553112e-01  -8.6499169074442639e-01
  -2.7644647939235717e-01  -4.2322828152804631e-01  -8.6281815334773049e-01
  -2.0310059374762091e-01  -4.8429822588987054e-01  -8.5100257180533112e-01
  -1.1184150273657188e-01  -5.1542695758511214e-01  -8.4960374861471766e-01
  -1.9803908937801248e-02  -5.4834615048556845e-01  -8.3601692832049856e-01
   8.8773891975128263e-02  -5.0457705866363411e-01  -8.5879053789264803e-01
   1.9955433470727085e-01  -4.5560412662129907e-01  -8.6752691445578900e-01
   2.9795664095733615e-01  -4.3724283028788635e-01  -8.4855202991405287e-01
   3.9997889210358678e-01  -3.8596251930282327e-01  -8.3129406323214239e-01
   4.7145792141800030e-01  -3.1092968386066649e-01  -8.2525763251637041e-01
   4.8167395828908316e-01  -1.9397573271903101e-01  -8.5461313646716297e-01
   4.9773470618295856e-01  -7.7712827024871867e-02  -8.6384077165688722e-01
   5.0169832464189457e-01   1.6518407625758957e-02  -8.6488492486632318e-01
   4.9059463435861911e-01   1.0855997163397869e-01  -8.6459911941741097e-01
   4.6311832872592917e-01   2.0351877672248686e-01  -8.6261319322132135e-01
   4.2813143985801344e-01   2.9599927583908431e-01  -8.5386644090738339e-01
   3.5360418814757882e-01   3.7357674597615792e-01  -8.5755728262918796e-01
   2.6942583910792173e-01   4.4103086563963090e-01  -8.5609666088249059e-01
   1.7630892709334989e-01   4.8952342775473384e-01  -8.5398007933818210e-01
   7.4551864011027300e-02   5.2556533334536149e-01  -8.4748044222746544e-01
  -2.7718651047541135e-02   5.3777239633953178e-01  -8.4263427779751654e-01
  -1.1833596216294623e-01   4.9362165435296379e-01  -8.6158822091113396e-01
  -2.1940575986836755e-01   4.5304930397838133e-01  -8.6406448873986741e-01
  -3.0559153410086032e-01   4.2716553754623637e-01  -8.5096616725855656e-01
  -3.7436935844171293e-01   3.5577435919217643e-01  -8.5631313711827195e-01
  -4.3854145487347851e-01   2.7442840777625221e-01  -8.5578644612008425e-01
  -4.9258258262981819e-01   1.8688463050289136e-01  -8.4996266633984352e-01
  -5.0609384085244769e-01   7.8787469011692896e-02  -8.5887225998861372e-01
  -6.1185181129777333e-01  -7.7734076531626034e-02  -7.8714342680188165e-01
  -5.9117812476470988e-01  -1.6646961315942674e-01  -7.8917443743080773e-01
  -5.6553509124531820e-01  -2.6868031999253661e-01  -7.7973132950963175e-01
  -4.9613379267159108e-01  -3.4887102526208463e-01  -7.9507249197911800e-01
  -4.1706039981114140e-01  -4.1989874259197318e-01  -8.0606802993236915e-01
  -3.4559112318482471e-01  -4.8797268450190623e-01  -8.0152943474076754e-01
  -2.7491006251060179e-01  -5.5180477534367489e-01  -7.8736011293329655e-01
  -1.8277439164718814e-01  -5.9174750413256905e-01  -7.8512955180076838e-01
  -9.5627502657601240e-02  -6.2259171746583375e-01  -7.7668200318947378e-01
   1.8723394640478629e-02  -6.2425269768412661e-01  -7.8099808189727804e-01
   1.1453626520835242e-01  -5.8274782291110427e-01  -8.0454112315312409e-01
   2.1075005898050583e-01  -5.4362190693651946e-01  -8.1244054240197505e-01
   3.0915499819234066e-01  -5.3254686088081060e-01  -7.8791942992839581e-01
   3.9421124579759298e-01  -4.8245586599223472e-01  -7.8219807661256280e-01
   4.8858498859921823e-01  -4.1675178433661864e-01  -7.6655245036967057e-01
   5.5422984981438705e-01  -2.8173408687292611e-01  -7.8323379515225233e-01
   5.6747115982837670e-01  -1.7667395935026955e-01  -8.0421563952122710e-01
   5.8925494170550452e-01  -7.6479885925534244e-02  -8.0431924055343829e-01
   6.0714767125413693e-01   1.7186256453621096e-02  -7.9440313310043587e-01
   5.8845725067707377e-01   1.0527627246227840e-01  -8.0164516500882588e-01
   5.6116092928489025e-01   2.0385299372352786e-01  -8.0221092512759617e-01
   5.3569139869725413e-01   2.9248184312116993e-01  -7.9214209382295975e-01
   4.6943488682556639e-01   3.7697877951225800e-01  -7.9844717222150396e-01
   3.8715688455655412e-01   4.5394067663220222e-01  -8.0252564372682911e-01
   2.9447077835103141e-01   5.2326792978554837e-01  -7.9967345482720897e-01
   1.8888728855319747e-01   5.7361780921505945e-01  -7.9704717625391330e-01
   8.2161234362582700e-02   6.1010560310591944e-01  -7.8804865625593135e-01
  -2.4127211734218650e-02   6.2671796501341503e-01  -7.7887256337823074e-01
  -1.2530844690108853e-01   5.9397545635450011e-01  -7.9466404875500718e-01
  -2.1174388871090477e-01   5.5115440866688603e-01  -8.0708942713966902e-01
  -3.0457689453062914e-01   5.3812788490280594e-01  -7.8590794296031297e-01
  -3.8399376881366520e-01   4.8323105088611551e-01  -7.8678874990163516e-01
  -4.4875358712649854e-01   4.0991760183858073e-01  -7.9409557217252313e-01
  -5.0834643129396495e-01   3.2740230091544131e-01  -7.9648706150568771e-01
  -5.6602126046744028e-01   2.4153161480594124e-01  -7.8821469901803065e-01
  -5.8681325471378110e-01   1.3712159776226585e-01  -7.9802748794721490e-01
  -6.0837367684421639e-01   4.0731853545316221e-02  -7.9260481037514019e-01
  -6.7884058213001430e-01  -1.4692629122175499e-02  -7.3413867266536337e-01
  -6.9476835836366369e-01  -1.2803363660999351e-01  -7.0774594037202354e-01
  -6.6546316824935703e-01  -2.1647671046791189e-01  -7.1435047807677698e-01
  -6.2570994807344138e-01  -3.1653449026664976e-01  -7.1294668619298851e-01
  -5.5379876519783933e-01  -4.0108299622172244e-01  -7.2968442343738860e-01
  -4.7635664219303359e-01  -4.7732179706737465e-01  -7.3840927098930043e-01
  -4.0831857945059130e-01  -5.5195142560815735e-01  -7.2706640786421561e-01
  -3.3802016557355163e-01  -6.1317261634692510e-01  -7.1397598715075516e-01
  -2.4347640291522990e-01  -6.5579437935149487e-01  -7.1459986932160036e-01
  -1.6196810494773681e-01  -7.0131221787184495e-01  -6.9420998699479453e-01
  -6.3544168286661332e-02  -6.9905125159219395e-01  -7.1224257547842762e-01
   4.5646296418965636e-02  -6.9916199400506873e-01  -7.1350467536105766e-01
   1.4026339626219142e-01  -6.6511566022541246e-01  -7.3344893359518160e-01
   2.2993910118995500e-01  -6.2967546942263719e-01  -7.4204906370895518e-01
   3.2157405991596938e-01  -6.2167312794434237e-01  -7.1422170646169647e-01
   4.0943565267016735e-01  -5.7146857694204245e-01  -7.1118641149166439e-01
   4.9035308216023404e-01  -5.0553593380332684e-01  -7.0992061137112861e-01
   5.6794123396133711e-01  -3.7925747830079631e-01  -7.3048375746445904e-01
   6.3800025440948338e-01  -2.9308590802140866e-01  -7.1207887617363075e-01
   6.4926791462931266e-01  -1.9547833281795804e-01  -7.3500979342564898e-01
   6.7338727923197528e-01  -9.9342797020159745e-02  -7.3258486255775790e-01
   6.9505667491140510e-01  -4.8374453429826684e-03  -7.1893867456387051e-01
   6.8911365483847853e-01   8.9676101270383696e-02  -7.1908314371573079e-01
   6.5349958742414049e-01   1.8081813765363788e-01  -7.3501230624524116e-01
   6.4094913935132414e-01   2.7483966495353734e-01  -7.1669195567762878e-01
   5.8946906176457559e-01   3.5893805318049260e-01  -7.2366407897683360e-01
   5.2079413089398829e-01   4.3639004720992036e-01  -7.3371465838055794e-01
   4.3974988951572069e-01   5.0877946137513186e-01  -7.4011046091360055e-01
   3.5048983908939674e-01   5.7498172316050966e-01  -7.3929215519066593e-01
   2.4867607866723351e-01   6.2717478059022647e-01  -7.3811381404922183e-01
   1.4187400758135019e-01   6.7003850128173759e-01  -7.2864269211523003e-01
   3.0586653435983671e-02   6.9714408304027076e-01  -7.1627828678072269e-01
  -9.0352259371219948e-02   6.9018385689085548e-01  -7.1797124797151801e-01
  -1.8753109051171279e-01   6.5996799746610824e-01  -7.2751242766846447e-01
  -2.7571211572677939e-01   6.3164176013385953e-01  -7.2457678412744009e-01
  -3.7327072275119982e-01   5.9947916592271122e-01  -7.0802097226099692e-01
  -4.4836698242028750e-01   5.4040339437523932e-01  -7.1199102552142124e-01
  -5.1342759234046476e-01   4.6298266366008545e-01  -7.2252277512455332e-01
  -5.7302257803516454e-01   3.8053442130241799e-01  -7.2583653756611588e-01
  -6.2834885209310609e-01   2.9655711042676725e-01  -7.1918815363477873e-01
  -6.6009933758843009e-01   1.9408777318761020e-01  -7.2567127600201353e-01
  -6.8411861585785039e-01   1.0147036363275279e-01  -7.2227798300998758e-01
  -7.5146887838569076e-01  -5.9091316637150150e-02  -6.5711699195488782e-01
  -7.6158720690740456e-01  -1.8007935726337487e-01  -6.2254024075764613e-01
  -7.2282269177065350e-01  -2.7086459405139240e-01  -6.3573558021460574e-01
  -6.7672735455954791e-01  -3.6684796034676576e-01  -6.3832802036277059e-01
  -6.0662735272628965e-01  -4.4632632542899398e-01  -6.5787237831766854e-01
  -5.3077981861918111e-01  -5.2600188126205050e-01  -6.6452600028544639e-01
  -4.6440220728330628e-01  -6.0619114136267260e-01  -6.4564920042064122e-01
  -3.9839394693859825e-01  -6.7145653430206609e-01  -6.2484268867111159e-01
  -3.0749883404635642e-01  -7.0616231674053453e-01  -6.3779248151398926e-01
  -2.2059756100596531e-01  -7.5759355137657181e-01  -6.1431972700773096e-01
  -1.1483984947923251e-01  -7.7788890712195902e-01  -6.1781927547478754e-01
  -1.7048187452280403e-02  -7.7019831420056650e-01  -6.3757659626683072e-01
   8.4296106908415921e-02  -7.6947702208547852e-01  -6.3308710209776731e-01
   1.7544642862882123e-01  -7.3412797957693510e-01  -6.5595324550129253e-01
   2.6530971777225226e-01  -7.1164132747471975e-01  -6.5052084877091099e-01
   3.5604430145663191e-01  -6.9231596479625446e-01  -6.2763927561019517e-01
   4.4266312185336082e-01  -6.3190503577846535e-01  -6.3619602820895771e-01
   5.3315354896019607e-01  -5.6449923842331384e-01  -6.3014911175899191e-01
   5.8303244944164234e-01  -4.7304708265636169e-01  -6.6052980287673946e-01
   6.4755298152472829e-01  -3.9885685416980027e-01  -6.4929834898928063e-01
   7.0800903928865622e-01  -3.1668727492160520e-01  -6.3121499521817581e-01
   7.2552059693007398e-01  -2.1319634970264528e-01  -6.5434484784683411e-01
   7.4882092925592991e-01  -1.1324410841728681e-01  -6.5302602384365926e-01
   7.7329222243972273e-01  -1.5922146209126756e-02  -6.3384984339694328e-01
   7.6877163820319294e-01   8.0994468483410381e-02  -6.3437375762989190e-01
   7.3661596258707984e-01   1.8000481557872708e-01  -6.5191655143152960e-01
   7.1615780264243534e-01   2.8046573294812405e-01  -6.3910638735364711e-01
   6.7129527726115112e-01   3.7671547635329000e-01  -6.3831661470056389e-01
   6.1254326793310876e-01   4.5192089112985268e-01  -6.4850462841079826e-01
   5.4029500791798357e-01   5.1964381234790780e-01  -6.6185467642635754e-01
   4.6085957619463891e-01   5.8582961918190735e-01  -6.6664241413135372e-01
   3.7772254859611359e-01   6.4486725980494775e-01  -6.6443351323794209e-01
   2.8509950208948515e-01   6.8846596552077588e-01  -6.6688296441570127e-01
   1.8434968116993408e-01   7.2793405419179646e-01  -6.6039927907322726e-01
   7.7476919884869225e-02   7.5660059069665764e-01  -6.4927103203717806e-01
  -3.9538276373965141e-02   7.5928573424061774e-01  -6.4955515430182054e-01
  -1.5093337605435617e-01   7.5104650222627711e-01  -6.4276610636102227e-01
  -2.4664550457141757e-01   7.2519099117044017e-01  -6.4285614362775234e-01
  -3.3976418967223193e-01   6.8985592036177901e-01  -6.3926450281411240e-01
  -4.3159730325337797e-01   6.5408658563451338e-01  -6.2120407783384368e-01
  -5.0773451353794319e-01   5.8433497009292190e-01  -6.3305474209494095e-01
  -5.7557864194890518e-01   5.0171921869933367e-01  -6.4574534649502835e-01
  -6.3904437478627441e-01   4.1676858438904324e-01  -6.4647214489131144e-01
  -6.9530919533445990e-01   3.3333292470224174e-01  -6.3673721753388635e-01
  -7.2327991846728723e-01   2.3914727174422126e-01  -6.4782307921163940e-01
  -7.5943489570969136e-01   1.5003380026914864e-01  -6.3304699506056217e-01
  -7.4940237572805168e-01   4.8727388666199148e-02  -6.6031940820100476e-01
  -8.1592641381078557e-01   5.3835408752277453e-03  -5.7813069866035960e-01
  -8.1155361205220367e-01  -1.0447880162807850e-01  -5.7486077860242113e-01
  -8.1590835882621338e-01  -2.2004416820582359e-01  -5.3467196862760835e-01
  -7.7214177208090951e-01  -3.1484912967705908e-01  -5.5196658354410466e-01
  -7.2409362266203348e-01  -4.1004518341860902e-01  -5.5457314501819488e-01
  -6.5550460057675963e-01  -4.8888076694713523e-01  -5.7559474835328706e-01
  -5.8347986042440780e-01  -5.6421043683661998e-01  -5.8413854130997378e-01
  -5.2049106643429599e-01  -6.4451331656257338e-01  -5.6008181057377815e-01
  -4.6547181055436421e-01  -7.1336441151924690e-01  -5.2387709432369800e-01
  -3.7591726654364227e-01  -7.5090698323826588e-01  -5.4297781836679393e-01
  -2.8584224038760259e-01  -7.9119573840608060e-01  -5.4065101233443835e-01
  -1.6676025378689285e-01  -8.2834723434521151e-01  -5.3481948086206665e-01
  -4.8657381642271229e-02  -8.3877162955592877e-01  -5.4230490746793925e-01
   4.3560591735751858e-02  -8.3907443820833150e-01  -5.4226982397419476e-01
   1.4579059123117002e-01  -8.1882820045005111e-01  -5.5521660787137561e-01
   2.3849257956046305e-01  -7.9156360657909497e-01  -5.6262629358579752e-01
   3.2298720214388887e-01  -7.7810998864476988e-01  -5.3872452405890969e-01
   4.1368253418760420e-01  -7.2819581348572815e-01  -5.4644086425703964e-01
   5.0365492055580208e-01  -6.5883657742274393e-01  -5.5880773549568330e-01
   5.9459673169804794e-01  -5.8615524614215675e-01  -5.5034239712566868e-01
   6.4811108848084942e-01  -5.0404539953046912e-01  -5.7086798141105999e-01
   7.0949322721908126e-01  -4.3425628598681770e-01  -5.5501426883566540e-01
   7.6085275828272914e-01  -3.4348660561928135e-01  -5.5056337689107815e-01
   7.8715320126721022e-01  -2.1907837082976359e-01  -5.7653664685721362e-01
   8.1700889403242682e-01  -1.0608212947449097e-01  -5.6678307038766418e-01
   8.4051857109770278e-01   1.1796511881767898e-03  -5.4178145046037729e-01
   8.3128478951998008e-01   1.0042299129852640e-01  -5.4669993738007561e-01
   7.9644792219304161e-01   1.9958128322127763e-01  -5.7082223031530133e-01
   7.6720952946284504e-01   3.1705367580661714e-01  -5.5755403734428510e-01
   7.2570452534010643e-01   4.1266467882863278e-01  -5.5050958642711401e-01
   6.7039284376849306e-01   4.9485944998768178e-01  -5.5289018781479726e-01
   6.0272845966016431e-01   5.5789545036556243e-01  -5.7050071899787458e-01
   5.2747244148979866e-01   6.2004953697097487e-01  -5.8078515405515541e-01
   4.5013898383666567e-01   6.8111805077169785e-01  -5.7745397751115801e-01
   3.6394128839500334e-01   7.2974353999816344e-01  -5.7881007630511572e-01
   2.7065278546848187e-01   7.6612515126719949e-01  -5.8292308438932372e-01
   1.7266560996967212e-01   7.9929328294065360e-01  -5.7560128125270305e-01
   7.1459998933606841e-02   8.2080763280378588e-01  -5.6671712386644391e-01
  -3.2474758093989212e-02   8.1990768079055765e-01  -5.7157395415412870e-01
  -1.4404137443095139e-01   8.1362507699108211e-01  -5.6326398477383433e-01
  -2.5856995255625614e-01   7.8895566263983252e-01  -5.5739621637000580e-01
  -3.5464310107012270e-01   7.5678912181691615e-01  -5.4908878695794516e-01
  -4.4302974805359013e-01   7.2142003467883675e-01  -5.3223845774573497e-01
  -5.2742411957287383e-01   6.4938254832676423e-01  -5.4783766210567930e-01
  -6.0504453220950172e-01   5.6192438218694807e-01  -5.6405859868208907e-01
  -6.7565393573407639e-01   4.7214718665518118e-01  -5.6618794870665523e-01
  -7.4053322505520791e-01   3.8924734620621088e-01  -5.4781114086951088e-01
  -7.7892538286482693e-01   3.0098881443543990e-01  -5.5016450404731776e-01
  -8.0725730524423656e-01   2.1133415380339876e-01  -5.5106580239206893e-01
  -8.2427758153138098e-01   9.7842350191336136e-02  -5.5766777125257438e-01
  -8.6920364107530457e-01  -4.0270818910301570e-02  -4.9281161865942941e-01
  -8.6701093981375921e-01  -1.4261393596382529e-01  -4.7744454705459555e-01
  -8.6268793339591843e-01  -2.4767284901739220e-01  -4.4093955303724730e-01
  -8.1588250319634703e-01  -3.4298390343461849e-01  -4.6550809118941749e-01
  -7.6292811488828505e-01  -4.4633399254530265e-01  -4.6768221968723322e-01
  -6.9629784232862846e-01  -5.2883619642493651e-01  -4.8528506274075905e-01
  -6.2803115854278158e-01  -6.0337492571198070e-01  -4.9144232919181213e-01
  -5.7524040955422240e-01  -6.7599140299369820e-01  -4.6058017140830321e-01
  -5.1412463010236298e-01  -7.4655251027307901e-01  -4.2229754217503185e-01
  -4.2210227170978765e-01  -7.9212788818057223e-01  -4.4086628469868672e-01
  -3.3323214858603856e-01  -8.3175489402208691e-01  -4.4400465247454246e-01
  -2.3229853176306592e-01  -8.5672037913538712e-01  -4.6050796313944697e-01
  -1.1179550478184552e-01  -8.8132244148945738e-01  -4.5909968333427797e-01
  -1.2783247184951522e-02  -8.9981478499724232e-01  -4.3608478681533386e-01
   8.4621717636405511e-02  -8.8846741406613694e-01  -4.5107074727463320e-01
   1.8265810176384156e-01  -8.6698934386934168e-01  -4.6364371609786587e-01
   2.7493618296426919e-01  -8.5045987916201182e-01  -4.4847306411062643e-01
   3.6558421671245667e-01  -8.2161311208143473e-01  -4.3737863979234198e-01
   4.4917025323578019e-01  -7.6562019503602796e-01  -4.6051254115506934e-01
   5.3519234856389086e-01  -6.9865197266246026e-01  -4.7482056730255440e-01
   6.1665833657541058e-01  -6.3952995359141529e-01  -4.5905765911420093e-01
   6.8351496091151653e-01  -5.6059608418306506e-01  -4.6748190190502764e-01
   7.4196520146539591e-01  -4.8648301068776489e-01  -4.6132626212538846e-01
   7.9469442700062709e-01  -3.9350695121406792e-01  -4.6218291513247661e-01
   8.2236439096738512e-01  -2.6703586134735702e-01  -5.0240288337480399e-01
   8.5701852245847143e-01  -1.4545404683606286e-01  -4.9433022608587379e-01
   8.8595865599027623e-01  -2.8569818068274737e-02  -4.6288338204287383e-01
   8.9956963205335239e-01   6.8115591195275160e-02  -4.3143335907589969e-01
   8.7077904995577537e-01   1.5389800081170568e-01  -4.6696814827595856e-01
   8.3295423105202482e-01   2.5479197253770675e-01  -4.9119069586350533e-01
   8.1051065938559996e-01   3.5911628292093351e-01  -4.6271802035729265e-01
   7.6717440347170374e-01   4.5111768709233396e-01  -4.5600029281821580e-01
   7.1025055843217078e-01   5.3625884852651262e-01  -4.5603792783474523e-01
   6.4292668577792622e-01   6.0658234485087248e-01  -4.6765707054403538e-01
   5.7233848822295608e-01   6.6244642936404230e-01  -4.8331499368578662e-01
   4.9365007006414557e-01   7.2274413673777493e-01  -4.8368431971362535e-01
   4.0657865833810775e-01   7.7512377901242446e-01  -4.8360823172634521e-01
   3.1380314656305197e-01   8.1386446242537303e-01  -4.8903192330172718e-01
   2.1985584468468511e-01   8.4569300651607260e-01  -4.8627846578662065e-01
   1.2493919387938496e-01   8.7117799374993921e-01  -4.7480427655887880e-01
   2.4817930497380045e-02   8.7956076058911781e-01  -4.7513886260515442e-01
  -7.8273776559125985e-02   8.7106197985256106e-01  -4.8489611584184567e-01
  -1.9685267202098708e-01   8.5270185643392693e-01  -4.8388900540550867e-01
  -3.0485233248269622e-01   8.3188550655184590e-01  -4.6371495486865461e-01
  -3.9823042212650206e-01   8.0310590888878430e-01  -4.4320811138884569e-01
  -4.9115935573390079e-01   7.4981062300577839e-01  -4.4333567068615842e-01
  -5.7009581793436648e-01   6.7593025735640133e-01  -4.6702146156665503e-01
  -6.4550024475189283e-01   5.9072942086245084e-01  -4.8411588008736078e-01
  -7.1816403870062162e-01   5.0265907547077826e-01  -4.8122164058162897e-01
  -7.8575904658127826e-01   4.2186119957443891e-01  -4.5234483417996063e-01
  -8.2916722641065022e-01   3.3827277460487826e-01  -4.4503172988854039e-01
  -8.5653849185606890e-01   2.4635818690244554e-01  -4.5348589362302200e-01
  -8.7004986012272378e-01   1.4258636845360734e-01  -4.7189232715911034e-01
  -8.8841042741705345e-01   4.6752755375307702e-02  -4.5666299644427616e-01
  -9.2871602754876559e-01  -6.0139977419136391e-03  -3.7074299994093030e-01
  -9.1513182816726868e-01  -1.0108684618671035e-01  -3.9027578275273089e-01
  -9.1424258286345017e-01  -1.9244740127084248e-01  -3.5654522493404256e-01
  -8.8325475934793973e-01  -3.0532132590971994e-01  -3.5586502783210300e-01
  -8.3181158401832811e-01  -4.0158199313390464e-01  -3.8317279585523861e-01
  -7.7713367197169325e-01  -5.0271481378096483e-01  -3.7860410971483449e-01
  -7.1209827561556416e-01  -5.8248441522682526e-01  -3.9195401756226911e-01
  -6.5625372810118188e-01  -6.5545577571624525e-01  -3.7377636419858778e-01
  -5.9767269092466291e-01  -7.2424735970120668e-01  -3.4387950867811723e-01
  -5.0210420069606410e-01  -7.9868957507130012e-01  -3.3164187660154232e-01
  -4.0975017395111996e-01  -8.4597904689460779e-01  -3.4120997517997337e-01
  -3.1368169972922727e-01  -8.8452934441826581e-01  -3.4527037248796155e-01
  -2.1822222701723168e-01  -9.0369774168767070e-01  -3.6838763728475421e-01
  -1.2367066445267649e-01  -9.2353099823061457e-01  -3.6303727365244232e-01
  -1.6860717430107447e-02  -9.4071101993975270e-01  -3.3878974773692955e-01
   9.2244495055735995e-02  -9.3196685992092110e-01  -3.5061192954754206e-01
   1.9145024988734399e-01  -9.1301447782859790e-01  -3.6021016794844413e-01
   2.8911039405388778e-01  -8.9420627711932066e-01  -3.4177523902472862e-01
   3.8675779314842962e-01  -8.5859549579003469e-01  -3.3649990200298890e-01
   4.7333144982781661e-01  -8.0382724044587972e-01  -3.6030418554474064e-01
   5.5108857457697369e-01  -7.4452511141721933e-01  -3.7680730014145991e-01
   6.2894821307014881e-01  -6.9135273553364363e-01  -3.5560587782827008e-01
   6.9528582379292447e-01  -6.1841301089165679e-01  -3.6625533606011806e-01
   7.6082319889186434e-01  -5.3882251034385575e-01  -3.6168821155063380e-01
   8.1577846026182044e-01  -4.4556145305617034e-01  -3.6875533260324206e-01
   8.5093273940101477e-01  -3.2938024357350465e-01  -4.0917249193823296e-01
   8.7970435883932385e-01  -2.2528059922234206e-01  -4.1877069220889440e-01
   9.0825389120642763e-01  -1.1981279765393825e-01  -4.0089869372039499e-01
   9.3441502437944590e-01  -3.3724265481095979e-02  -3.5458600667781570e-01
   9.4016559591779891e-01   7.0618691719435675e-02  -3.3331914531326501e-01
   9.1899916185900776e-01   1.7178838994294948e-01  -3.5486517099209719e-01
   8.8370768434760039e-01   2.5217897786265758e-01  -3.9429239372469133e-01
   8.6173262735818568e-01   3.4567362957729142e-01  -3.7138473415209183e-01
   8.2115549073062621e-01   4.4373448603673421e-01  -3.5889185828694953e-01
   7.6480920984133882e-01   5.3500813306046091e-01  -3.5893337836014494e-01
   6.9789615059071519e-01   6.1872446364622335e-01  -3.6072288682083237e-01
   6.3122076477472877e-01   6.8465387432027713e-01  -3.6443026561393155e-01
   5.5626139577926936e-01   7.3641182588935261e-01  -3.8505958273494362e-01
   4.6799527825643833e-01   7.9423698715829050e-01  -3.8751519681091284e-01
   3.7240497869705824e-01   8.4264210213055502e-01  -3.8893292424098413e-01
   2.7993655938507195e-01   8.7871296830290346e-01  -3.8665105981485243e-01
   1.8878515576826688e-01   9.0640227136253926e-01  -3.7788237247903078e-01
   8.8253229493612972e-02   9.2301384502073303e-01  -3.7450875741962281e-01
  -1.6712437631189455e-02   9.2422797238496435e-01  -3.8147522788459148e-01
  -1.2186070517448187e-01   9.0916554835475871e-01  -3.9820594447994984e-01
  -2.2080715199880530e-01   8.9527195746098032e-01  -3.8695261184046953e-01
  -3.1709736113754045e-01   8.7575926370362700e-01  -3.6399859285014990e-01
  -4.2522881323939865e-01   8.3447273150369694e-01  -3.5047926724382933e-01
  -5.2661312155004592e-01   7.7309105202108663e-01  -3.5356589979273484e-01
  -6.0808400214020297e-01   6.9963871243875919e-01  -3.7515266012410048e-01
  -6.7738183095093063e-01   6.2181053406047204e-01  -3.9307189524181868e-01
  -7.4469667170429221e-01   5.4096842919238886e-01  -3.9087085561559720e-01
  -8.0923496587547816e-01   4.6714149828938234e-01  -3.5625495165746784e-01
  -8.6022933464102502e-01   3.8384770505157828e-01  -3.3565820584293188e-01
  -8.9104871531858476e-01   2.9315607588355241e-01  -3.4654249681915872e-01
  -9.0998245955280288e-01   1.8780092217177849e-01  -3.6967923519946444e-01
  -9.2971728908071405e-01   1.0123402841319878e-01  -3.5408676037892711e-01
  -9.5994619773238055e-01  -4.9063436457842599e-02  -2.7585517334661813e-01
  -9.5372579046331374e-01  -1.4148165310554500e-01  -2.6531124823431351e-01
  -9.2905593049256474e-01  -2.5704426838273964e-01  -2.6605135238930283e-01
  -8.8293861527349959e-01  -3.7838677202273807e-01  -2.7792598370272498e-01
  -8.3633633674712859e-01  -4.6747154713222233e-01  -2.8637717167784155e-01
  -7.7962777363962421e-01  -5.5889570605558381e-01  -2.8251747613617362e-01
  -7.2228001530282793e-01  -6.3439173255075387e-01  -2.7542459796721036e-01
  -6.6919914843666228e-01  -7.0244162976028657e-01  -2.4238039630167857e-01
  -5.8683577140529897e-01  -7.6958035684609227e-01  -2.5173369213474145e-01
  -4.9597757092334493e-01  -8.3612131918797472e-01  -2.3432325693438813e-01
  -3.9880117142459109e-01  -8.8444074035664377e-01  -2.4232664415570521e-01
  -2.9564104795282808e-01  -9.2291178640434857e-01  -2.4663780180922765e-01
  -2.0357637275855217e-01  -9.4537789195418942e-01  -2.5459242301907581e-01
  -1.1096632490856920e-01  -9.6005378334917779e-01  -2.5687196774505355e-01
  -3.0551015361871876e-04  -9.6908357589013849e-01  -2.4673250617526732e-01
   1.1643906694587547e-01  -9.5922945049388886e-01  -2.5752826057340961e-01
   2.2901216889107764e-01  -9.3931940709031048e-01  -2.5540649553860595e-01
   3.4265650651975810e-01  -9.0804904819229038e-01  -2.4090131717520841e-01
   4.4797438015564045e-01  -8.5983933589927042e-01  -2.4493932139301638e-01
   5.3117074504213224e-01  -8.0576756442818265e-01  -2.6190889967097497e-01
   6.0651699297774631e-01  -7.5221793680445681e-01  -2.5749818014673137e-01
   6.8152611210237468e-01  -6.8978855095426639e-01  -2.4436430487089322e-01
   7.4056787573845573e-01  -6.1695961452994685e-01  -2.6630819638773884e-01
   8.0974992629511722e-01  -5.2066347806570457e-01  -2.7058196442774202e-01
   8.6405224845312545e-01  -4.0968486016843336e-01  -2.9252696848644477e-01
   8.9419817783176903e-01  -3.1693001121634135e-01  -3.1617240036529687e-01
   9.2296050677229324e-01  -2.1399944120296879e-01  -3.1991896177539825e-01
   9.4996139967501481e-01  -1.3326669063679014e-01  -2.8251252767657015e-01
   9.6688787544467680e-01  -3.1251615917133366e-02  -2.5328081810639957e-01
   9.6895366460633003e-01   8.0361032722563758e-02  -2.3381809225491246e-01
   9.5090573175071524e-01   1.8311149321692616e-01  -2.4949643359275572e-01
   9.2195520793282115e-01   2.7257787373002518e-01  -2.7513614324251717e-01
   8.9417740721870254e-01   3.6006333053608408e-01  -2.6608487823042748e-01
   8.4953501970407208e-01   4.5649719598083222e-01  -2.6438714106030109e-01
   7.8832568579678985e-01   5.5546663572403177e-01  -2.6457405335831169e-01
   7.2172987700471936e-01   6.4208962830814142e-01  -2.5850898216090173e-01
   6.5819251244258792e-01   7.1244375467792043e-01  -2.4332388494543836e-01
   5.8327456251427467e-01   7.6392418882958024e-01  -2.7606270745040756e-01
   4.9520293815889044e-01   8.1813503212900818e-01  -2.9228260167527775e-01
   3.9945781528937208e-01   8.6961560926013437e-01  -2.9017606023820663e-01
   3.0817149656277137e-01   9.0990824699884942e-01  -2.7766402494695408e-01
   2.1636445648392552e-01   9.3761450648726807e-01  -2.7214969997237209e-01
   1.1149136799668181e-01   9.5439304809706449e-01  -2.7695412003836090e-01
  -2.4200519539241097e-03   9.5887912727404401e-01  -2.8380444433924601e-01
  -1.0789111648406964e-01   9.4987894658314442e-01  -2.9341011199670142e-01
  -1.9718627902012520e-01   9.3975074566676731e-01  -2.7925992799711175e-01
  -2.9195326940581712e-01   9.1776071050278851e-01  -2.6921843685132568e-01
  -3.9704229852123796e-01   8.7794932699769701e-01  -2.6751148089243415e-01
  -5.0900821539567975e-01   8.1843958828172825e-01  -2.6658446502551569e-01
  -6.1344385969090542e-01   7.3971954022924846e-01  -2.7658928542254502e-01
  -6.9132644475973148e-01   6.6249852277432253e-01  -2.8838074501899497e-01
  -7.5508271923008008e-01   5.8779529132879038e-01  -2.9042517558195702e-01
  -8.1615613269734644e-01   5.1600624229348546e-01  -2.6005138910351611e-01
  -8.7148772165159361e-01   4.3076002325347740e-01  -2.3442472859572266e-01
  -9.1230584302256668e-01   3.3952320285816845e-01  -2.2895860653798339e-01
  -9.3448888744634440e-01   2.3850575582266742e-01  -2.6428303706206990e-01
  -9.5922931156872449e-01   1.5527386837144203e-01  -2.3615493564259663e-01
  -9.6333746965916356e-01   5.8399996074208857e-02  -2.6185942795555922e-01
  -9.8535645646075265e-01  -1.5073220752305271e-03  -1.7050038619097116e-01
  -9.8317223261696762e-01  -9.8654207838097349e-02  -1.5375210010534807e-01
  -9.6378429878414884e-01  -2.0196486841551481e-01  -1.7415515307635998e-01
  -9.2704265200043834e-01  -3.2312017857025133e-01  -1.9022426651908295e-01
  -8.9239734370602475e-01  -4.1926978392350200e-01  -1.6685271719444997e-01
  -8.4545684441870861e-01  -5.0205867602642162e-01  -1.8204342902768070e-01
  -7.9293665685214820e-01  -5.8482898345860002e-01  -1.7095765068261495e-01
  -7.3891726765894994e-01  -6.5704226956438372e-01  -1.4932088789287157e-01
  -6.6196239349403552e-01  -7.3634650523720357e-01  -1.3999862079536607e-01
  -5.8011275320525912e-01  -8.0082905239464341e-01  -1.4880195700766680e-01
  -4.9446468213305134e-01  -8.5923283670460637e-01  -1.3123875361956069e-01
  -3.9643819224071253e-01  -9.0621523667476056e-01  -1.4700579767962704e-01
  -2.9454130399771694e-01  -9.4518065485999936e-01  -1.4099273001735657e-01
  -2.0011785540432914e-01  -9.7038200430440469e-01  -1.3532039635819265e-01
  -1.0593254015434217e-01  -9.8318303054540368e-01  -1.4875962282825461e-01
  -7.4531426185053548e-03  -9.8942689416255514e-01  -1.4484084980746420e-01
   9.9634840010680834e-02  -9.8127508808947583e-01  -1.6483961948220252e-01
   2.1857664058843490e-01  -9.6145299939270823e-01  -1.6683039935167437e-01
   3.3242603261766868e-01  -9.3085939161889242e-01  -1.5163682228595457e-01
   4.3736698755382897e-01  -8.8737963657043084e-01  -1.4583380540265298e-01
   5.2905187212596816e-01  -8.3607632276483823e-01  -1.4519125012215506e-01
   6.0473101273794394e-01  -7.8359254186105742e-01  -1.4241885609942165e-01
   6.7753240923829261e-01  -7.2286774049857638e-01  -1.3569106152668087e-01
   7.4794513160277243e-01  -6.4755039949951398e-01  -1.4579629700280905e-01
   8.0205496678434407e-01  -5.6967087641440584e-01  -1.7939599444192567e-01
   8.6440841579948946e-01  -4.6369208328799161e-01  -1.9439069574200143e-01
   9.0900208107975411e-01  -3.7293036875380164e-01  -1.8611328983667380e-01
   9.3347426627773056e-01  -2.8387311968181311e-01  -2.1918450246166513e-01
   9.6217362388334704e-01  -1.9860617370697869e-01  -1.8648727910680823e-01
   9.8097640263607599e-01  -9.8859133593771936e-02  -1.6706935438994297e-01
   9.8875253759705384e-01   1.3369360378805801e-02  -1.4896200723153619e-01
   9.8203665329483902e-01   1.3124818064559421e-01  -1.3556521184542011e-01
   9.6161754639944108e-01   2.3123102969838588e-01  -1.4772916218994403e-01
   9.3516714635556530e-01   3.1837699242704687e-01  -1.5523691271826048e-01
   8.9925698968574230e-01   4.0842357360941201e-01  -1.5661114590428757e-01
   8.5032769971411448e-01   4.9829099500490442e-01  -1.6925982215494931e-01
   7.9049882559414730e-01   5.8936624593667442e-01  -1.6661042849949506e-01
   7.2695394096629107e-01   6.7121185604564471e-01  -1.4495727652428750e-01
   6.5357958691391349e-01   7.4495411934259237e-01  -1.3370521173066152e-01
   5.7253293381881742e-01   8.0088965596057582e-01  -1.7544742422779530e-01
   4.8455966108681164e-01   8.5346292040961436e-01  -1.9184102359330399e-01
   3.9490821702924200e-01   9.0048765424404742e-01  -1.8212491503591147e-01
   3.0392045658460826e-01   9.3847605875379470e-01  -1.6399708294767734e-01
   2.0203276421299887e-01   9.6446907108048385e-01  -1.7024151407222410e-01
   9.0477190286481657e-02   9.7868914641375848e-01  -1.8434053468993961e-01
  -1.9960939676734239e-02   9.8224664249705340e-01  -1.8652907063106183e-01
  -1.1705918652919688e-01   9.7740852849805548e-01  -1.7598214474311971e-01
  -2.0534439983441596e-01   9.6573518930866697e-01  -1.5871112622496478e-01
  -2.9945713309096389e-01   9.3949792479633809e-01  -1.6634023789905705e-01
  -3.9824336895906526e-01   9.0140271740889111e-01  -1.6992751433479131e-01
  -4.9244973645643575e-01   8.5216760814670478e-01  -1.7692830381120825e-01
  -5.9172332171402842e-01   7.8319041040317716e-01  -1.9098767392745356e-01
  -6.8275571601882312e-01   7.0705759146440073e-01  -1.8415806959290365e-01
  -7.5179694773053718e-01   6.3424216337305994e-01  -1.8038355685291454e-01
  -8.1222507066932903e-01   5.6083815001307580e-01  -1.6047119388262152e-01
  -8.6818746165269489e-01   4.7676946468160591e-01  -1.3762779143859469e-01
  -9.1374367404803269e-01   3.8968746177619218e-01  -1.1496164695945961e-01
  -9.4592981438749657e-01   2.8908085778458664e-01  -1.4713614075190307e-01
  -9.7138068551159651e-01   1.9873132093980378e-01  -1.3009775514028504e-01
  -9.8602148010188684e-01   9.4911277321233417e-02  -1.3694338324627525e-01
  -9.9693349425771016e-01  -5.6191087502365768e-02  -5.4462553304207684e-02
  -9.8400058071752672e-01  -1.6827327072373510e-01  -5.8540272526755449e-02
  -9.5930643645829416e-01  -2.6718508738572305e-01  -9.1341611811770210e-02
  -9.3095540808663102e-01  -3.5798898527983064e-01  -7.1874297023146572e-02
  -8.9016222660766120e-01  -4.5215445588545211e-01  -5.6281065588895507e-02
  -8.4295806191910316e-01  -5.3392289578821162e-01  -6.5939723981223178e-02
  -7.9237174049015702e-01  -6.0837791721753620e-01  -4.4981493023820388e-02
  -7.1881989304607896e-01  -6.9338110131374286e-01  -5.0205674003691747e-02
  -6.2263195645666847e-01  -7.8122336170844864e-01  -4.4938913203278558e-02
  -5.3969828711058887e-01  -8.4136742953558252e-01  -2.8750780973444235e-02
  -4.4849133894408588e-01  -8.9314314706050502e-01  -3.3923999631503866e-02
  -3.5498472712027329e-01  -9.3379648492535106e-01  -4.4832669476661736e-02
  -2.5196673200842140e-01  -9.6733669416108381e-01  -2.7793633992375871e-02
  -1.4720608105129662e-01  -9.8866152658950390e-01  -2.9643811212979265e-02
  -5.2479712520913303e-02  -9.9811231677665535e-01  -3.1901142181117073e-02
   4.5754591605796938e-02  -9.9803620722831254e-01  -4.2781379224046026e-02
   1.4151289692653055e-01  -9.8748734714753084e-01  -6.9590511041327616e-02
   2.4469573009756695e-01  -9.6736783565530016e-01  -6.5753100395333719e-02
   3.4281028919264134e-01  -9.3821745312199900e-01  -4.7213517989312774e-02
   4.3810619435766579e-01  -8.9783499235602215e-01  -4.4218649532802246e-02
   5.2942383793772030e-01  -8.4769410915407728e-01  -3.3542467541460869e-02
   6.0685857980854252e-01  -7.9455101761229008e-01  -2.0281630211427263e-02
   6.8017444573024233e-01  -7.3258983674832057e-01  -2.5977961209961934e-02
   7.5251201395778822e-01  -6.5741610466450340e-01  -3.9111816333995804e-02
   8.1484445382517867e-01  -5.7652160376696693e-01  -6.0426454970572807e-02
   8.6051804721858971e-01  -5.0004094092146145e-01  -9.7302352558838984e-02
   9.1000342848417382e-01  -4.0790601203676469e-01  -7.4205427640515256e-02
   9.4483623842829312e-01  -3.1391036447129955e-01  -9.3513451600128750e-02
   9.7103554454663044e-01  -2.2403243477655149e-01  -8.3062864115794915e-02
   9.9103584272850442e-01  -1.1540485207265692e-01  -6.7302886605934004e-02
   9.9847647716312904e-01  -6.1895741289085607e-03  -5.4830773512783489e-02
   9.9346448758893902e-01   1.0583553303595099e-01  -4.2745196766922046e-02
   9.7522437861797873e-01   2.1875435125869278e-01  -3.2923322350059625e-02
   9.5079012239531469e-01   3.0812993435424629e-01  -3.2466701562529399e-02
   9.1616220693158712e-01   3.9803781972023872e-01  -4.7039394794178166e-02
   8.7055386520334865e-01   4.8902380805071333e-01  -5.4696279024161021e-02
   8.2098566838296505e-01   5.6741705333975911e-01  -6.3406781096354836e-02
   7.5565489146498377e-01   6.5301971545848958e-01  -5.0506793875247112e-02
   6.7387445959800629e-01   7.3808778476677017e-01  -3.3460942598451088e-02
   5.8101639907878910e-01   8.1107369363629167e-01  -6.7671319572622443e-02
   4.9372223927231623e-01   8.6565001035172384e-01  -8.2996445863603968e-02
   4.0807100407699493e-01   9.1028066821813336e-01  -6.9765039238445459e-02
   3.1123756846895267e-01   9.4832987980641548e-01  -6.1657238341362559e-02
   1.9831664867757759e-01   9.7743482936994430e-01  -7.2743805178463350e-02
   9.2061309470194377e-02   9.9232988950033718e-01  -8.2499125467374049e-02
  -7.2093851851942285e-03   9.9692225616764796e-01  -7.8064331950372795e-02
  -1.0253056774975078e-01   9.9296799071097197e-01  -5.9178138702808809e-02
  -1.9376975691755882e-01   9.8025764218210609e-01  -3.9347633317497216e-02
  -2.8741376324432716e-01   9.5624443437517626e-01  -5.4680073374432002e-02
  -3.8272335657269807e-01   9.2164838265112436e-01  -6.3930361255776821e-02
  -4.7471200157687349e-01   8.7768860527635140e-01  -6.5659940046664103e-02
  -5.5961012502110508e-01   8.2404433385886167e-01  -8.8246494598755942e-02
  -6.4160076692639600e-01   7.6161481719714530e-01  -9.1056719165689748e-02
  -7.1791557680485818e-01   6.9212748979517724e-01  -7.4543694909593186e-02
  -7.8467775505403026e-01   6.1684749739205547e-01  -6.1481588175042221e-02
  -8.4289802862084195e-01   5.3659134828916522e-01  -3.9907872510496031e-02
  -8.8996365192031246e-01   4.5575694102523440e-01  -1.5821155709428120e-02
  -9.3735740460302519e-01   3.4742634924050042e-01  -2.5613041391025038e-02
  -9.6596341470731928e-01   2.5731381341169024e-01  -2.6538328404578908e-02
  -9.8772287655590540e-01   1.5422697099683241e-01  -2.4850765486601995e-02
  -9.9791342484454548e-01   4.5089586298200236e-02  -4.6213912650702238e-02
