   0.0000000000000000e+00   0.0000000000000000e+00   1.0000000000000000e+00
   1.4376149631386095e-01   0.0000000000000000e+00   9.8961236460424229e-01
   8.5959107377919328e-02   9.2640237061950875e-02   9.9198226714790461e-01
  -2.0402943841400362e-02   1.5157323790235025e-01   9.8823543421312421e-01
  -1.0386863160668121e-01   7.9637519467974122e-02   9.9139758566437086e-01
  -1.0447431153748366e-01  -5.1533153139393280e-02   9.9319154867340698e-01
  -1.7313852625959601e-02  -1.4581865729819021e-01   9.8915982009531678e-01
   8.1925956328807295e-02  -1.0752984558962651e-01   9.9082060434121044e-01
   2.8174364905111887e-01   4.7981931108958084e-02   9.5828923113348985e-01
   2.1557628861853664e-01   1.3324036624688071e-01   9.6735405544601638e-01
   1.3434312746029570e-01   2.1330660208840088e-01   9.6770461278723241e-01
   3.5970457838187878e-02   2.6055120543325627e-01   9.6478971569466276e-01
  -8.8705234794524274e-02   2.5786254375921797e-01   9.6210097694892383e-01
  -1.8194712436193744e-01   1.9505389600933745e-01   9.6376824059936750e-01
  -2.2344192071211663e-01   8.7252625213588758e-02   9.7080414474898968e-01
  -2.2848176630190969e-01  -2.4314374125501231e-02   9.7324451895628195e-01
  -1.8251336415986949e-01  -1.4115648474862230e-01   9.7301784090347432e-01
  -1.1464004654390479e-01  -2.2923399012710285e-01   9.6659683296543997e-01
   3.2705747853385022e-03  -2.6842421170232361e-01   9.6329525375793257e-01
   1.1078741213790187e-01  -2.5353742923666184e-01   9.6096041608791116e-01
   1.8666059273754623e-01  -1.6453492951752249e-01   9.6854843972179927e-01
   2.4372926555394284e-01  -6.3561226298835774e-02   9.6775824234357399e-01
   3.8685482657786247e-01  -1.0921940356417548e-02   9.2207594826687833e-01
   3.7078336143237661e-01   1.3355729381582304e-01   9.1906591066881671e-01
   2.9831689163016539e-01   2.2433295300820397e-01   9.2772935620402519e-01
   2.1730483352023677e-01   3.0384256653810626e-01   9.2760891764163123e-01
   1.2749178479970349e-01   3.6534496396624622e-01   9.2210026684362711e-01
   1.8608473941794833e-02   3.8226167153514773e-01   9.2386673236604444e-01
  -9.1035584043686280e-02   3.7515603926331847e-01   9.2248060610621208e-01
  -2.0692034814430824e-01   3.2289854438162252e-01   9.2353695083633103e-01
  -2.9731787685669608e-01   2.3203449131474133e-01   9.2615445522965323e-01
  -3.4579260192313499e-01   1.3735795627898192e-01   9.2820270862677923e-01
  -3.5425453279694069e-01   3.1054824120716914e-02   9.3463325635869210e-01
  -3.3075038263073930e-01  -8.6027434231360778e-02   9.3978905343124119e-01
  -2.9783662479608419e-01  -1.9146090078318884e-01   9.3521979683995482e-01
  -2.3244522719189017e-01  -2.8020615756358952e-01   9.3137195878937618e-01
  -1.0752884700571268e-01  -3.4954746920680141e-01   9.3072773346061966e-01
  -8.9834185447715108e-03  -4.0150153075554390e-01   9.1581429285210680e-01
   9.9285774012974032e-02  -3.7582444235537421e-01   9.2135678409990374e-01
   2.2510701501803970e-01  -2.9844372576672312e-01   9.2750103737955192e-01
   3.0372179316637277e-01  -2.1548018615223263e-01   9.2807400660270745e-01
   3.5189782981652201e-01  -1.2038072399347539e-01   9.2826526309090596e-01
   4.6679311940689378e-01   6.3667168402731830e-02   8.8207180849518119e-01
   4.5246299347972235e-01   2.0308850547732868e-01   8.6835033164866915e-01
   3.7365205699422155e-01   3.0419983985635946e-01   8.7626856484490656e-01
   2.9433271713084264e-01   3.9276090349650106e-01   8.7126753888285524e-01
   2.0927429354786226e-01   4.5890944481406509e-01   8.6348502680734995e-01
   1.0254505714704844e-01   4.9248952077040797e-01   8.6425608657737696e-01
  -2.3468119426601724e-03   5.0503839637938186e-01   8.6309368590915336e-01
  -1.1431691257755672e-01   4.8364243813903657e-01   8.6776819227813562e-01
  -2.2434484244706085e-01   4.2904676895099114e-01   8.7497900644536508e-01
  -3.2820795880168607e-01   3.5002888651428476e-01   8.7735928466324486e-01
  -4.1606362145707776e-01   2.7450594778764925e-01   8.6691265276798557e-01
  -4.6156711879932782e-01   1.7693390086951838e-01   8.6928142138572284e-01
  -4.7760916992629832e-01   6.9202314036749715e-02   8.7584274874789680e-01
  -4.5861130435765585e-01  -3.9296114459238876e-02   8.8776769872741823e-01
  -4.3568393998669153e-01  -1.5026444504259595e-01   8.8746836619324843e-01
  -3.9665847540090393e-01  -2.6057245411847441e-01   8.8020682231354352e-01
  -3.3556775918126264e-01  -3.4823485726195874e-01   8.7528667485904832e-01
  -2.1269002687442393e-01  -3.9250515482029835e-01   8.9481990138108269e-01
  -1.0244432115352339e-01  -4.8144908118282498e-01   8.7046650900055156e-01
  -8.0471531752246113e-05  -5.2798599799779966e-01   8.4925307149435725e-01
   1.0414239095382961e-01  -4.9225690415857515e-01   8.6419760628842002e-01
   2.0989400058109314e-01  -4.1192920739842454e-01   8.8671237535751679e-01
   3.2512353320222015e-01  -3.6575258932016402e-01   8.7207782425864966e-01
   4.0036777282919073e-01  -2.8278616345642288e-01   8.7162929748683349e-01
   4.5841503088262459e-01  -1.9319297035598013e-01   8.6748610113702440e-01
   4.8112943687575865e-01  -8.6279389309897730e-02   8.7239345020003822e-01
   5.6203123147506984e-01  -1.8582292828805042e-02   8.2690724585036801e-01
   5.6299089906901856e-01   1.0158426759654518e-01   8.2019624733494834e-01
   5.4932687594409657e-01   2.1481079637693967e-01   8.0752480155435724e-01
   4.7507561582764724e-01   3.2852047525054318e-01   8.1631945743510181e-01
   3.9964505406125300e-01   4.3068134747385822e-01   8.0919553119285070e-01
   3.2783798047036777e-01   5.1578013256540856e-01   7.9151317955667699e-01
   2.2814584310683764e-01   5.6693604082201665e-01   7.9153837550059880e-01
   1.2465400878923102e-01   6.0178427861146311e-01   7.8887074993870521e-01
   1.2745297561551561e-02   6.1364615723584648e-01   7.8947827778840518e-01
  -1.0515664452372771e-01   5.9172062663742175e-01   7.9925514081820415e-01
  -2.2223348218980907e-01   5.4341750069813510e-01   8.0951201308491039e-01
  -3.2679544107717634e-01   4.7982423547548136e-01   8.1423181142813594e-01
  -4.1643270490831469e-01   4.1443407626962231e-01   8.0921455665928888e-01
  -5.0404574206655084e-01   3.3657311789522221e-01   7.9539702426830139e-01
  -5.5706619097153942e-01   2.3274293623272063e-01   7.9718754663518931e-01
  -5.8408342537086688e-01   1.1879487980183992e-01   8.0295350347320937e-01
  -5.8666729042134558e-01   9.1629941510228113e-03   8.0977622210575251e-01
  -5.6023988454383633e-01  -9.4596471418824130e-02   8.2291116128134789e-01
  -5.2428012927579248e-01  -2.1170893649077405e-01   8.2480887013689641e-01
  -4.8255823686797444e-01  -3.2779234564579440e-01   8.1221285767149731e-01
  -4.2587652893233069e-01  -4.2539490840137467e-01   7.9854139154506931e-01
  -3.1774439084182782e-01  -4.6059666910631542e-01   8.2878779581791806e-01
  -2.0727873813204084e-01  -5.0679301077489791e-01   8.3677737119744289e-01
  -1.1293484688774122e-01  -5.9881184460381165e-01   7.9288718940377823e-01
  -1.1220898519337689e-02  -6.3569940248034840e-01   7.7185514257699073e-01
   1.0670758464205639e-01  -6.0319763186825792e-01   7.9042147509312022e-01
   2.1418783568050129e-01  -5.3112969058089288e-01   8.1977120151292671e-01
   3.0965745153873192e-01  -4.8783873334927924e-01   8.1616519954645739e-01
   4.1426711647256914e-01  -4.2655152770199006e-01   8.0401278001322918e-01
   4.9341440281139515e-01  -3.4572986808397455e-01   7.9813099514610497e-01
   5.5310826749215614e-01  -2.5386858064683843e-01   7.9348723253256270e-01
   5.8429182753446030e-01  -1.4801884399553836e-01   7.9793075018993032e-01
   6.6272665553836141e-01   4.7584482635003512e-02   7.4734804278281020e-01
   6.6402953438796997e-01   1.5431842457257808e-01   7.3160822938095316e-01
   6.3414576675589074e-01   2.6276061860674066e-01   7.2719736235425536e-01
   5.6501580234716209e-01   3.5266561828446691e-01   7.4591159313824007e-01
   4.9846361443194154e-01   4.5415669641539608e-01   7.3842787067424431e-01
   4.3525838317275684e-01   5.4804804258815132e-01   7.1427829512951990e-01
   3.4108264836357438e-01   6.1875936154302391e-01   7.0767187275471088e-01
   2.4066526291723131e-01   6.6972921876772484e-01   7.0252615948002450e-01
   1.3129134441744392e-01   6.9708471388362359e-01   7.0486557906514835e-01
   2.6559096484760842e-03   7.0085580369136957e-01   7.1329803629062627e-01
  -1.2916941920285696e-01   6.7403063015923637e-01   7.2732246682605606e-01
  -2.5084619997812768e-01   6.2742366331477450e-01   7.3716736950925987e-01
  -3.6125545265987674e-01   5.7282057046394186e-01   7.3577924133320838e-01
  -4.5504111974132144e-01   5.1872321694162282e-01   7.2378436260415180e-01
  -5.3075630356411962e-01   4.3957905827767235e-01   7.2461575869606010e-01
  -6.1091761905534481e-01   3.3334754212070183e-01   7.1809405991822228e-01
  -6.5646881629544251e-01   2.1137096938426031e-01   7.2413466049707809e-01
  -6.8499887401595883e-01   8.8319646377264888e-02   7.2317092216201806e-01
  -6.9576546969862674e-01  -1.3604838615261615e-02   7.1814018098230781e-01
  -6.5527664419898157e-01  -1.1631061110358527e-01   7.4638084200495913e-01
  -6.1304068050886440e-01  -2.3214124018605894e-01   7.5517651489311222e-01
  -5.7044329313088660e-01  -3.5243968773376783e-01   7.4187648286767627e-01
  -5.1770203848378626e-01  -4.6512238297615222e-01   7.1808479179294538e-01
  -4.2522450604783274e-01  -5.3763533150485299e-01   7.2810189518641111e-01
  -3.2199979945307161e-01  -5.6601953888388468e-01   7.5890579833985738e-01
  -2.2318282258857383e-01  -6.1520622989144558e-01   7.5611554831530270e-01
  -1.3642457053014576e-01  -6.9852604502028248e-01   7.0245975043698250e-01
  -3.3145592592019504e-02  -7.3205639525756550e-01   6.8043721521843803e-01
   8.3083368677250816e-02  -7.0093715657518341e-01   7.0836731741486836e-01
   2.0693912404844997e-01  -6.4147369995590453e-01   7.3870676943083602e-01
   3.0795133548303583e-01  -6.1405247708414445e-01   7.2670869704513708e-01
   3.9332710677903782e-01  -5.5156414155008415e-01   7.3557513880564929e-01
   4.8996581150256741e-01  -4.8936919896514364e-01   7.2142310100442741e-01
   5.7003468615336284e-01  -4.0145403762014686e-01   7.1686477962061923e-01
   6.3879535192245263e-01  -3.0494981277911304e-01   7.0636117535454457e-01
   6.7303755392852616e-01  -1.9934919507648971e-01   7.1223616127255296e-01
   6.5870401958392732e-01  -6.7834411237036540e-02   7.4933804603536702e-01
   7.5148603407913772e-01   1.8748012252313997e-03   6.5974633436221153e-01
   7.6147991137497484e-01   1.0904599331915346e-01   6.3895016700318630e-01
   7.4165388246661967e-01   2.1638874533979613e-01   6.3492159320065522e-01
   7.0646879097601356e-01   3.2189122527362957e-01   6.3030777122666926e-01
   6.3938467180039127e-01   4.0419434548657535e-01   6.5407505115497633e-01
   5.7553843065659560e-01   4.9496268673413513e-01   6.5097423418924161e-01
   5.0848392349369687e-01   5.9260521148770773e-01   6.2471046322761825e-01
   4.1969625509219893e-01   6.6607156221846375e-01   6.1660662294970447e-01
   3.1697304313869168e-01   7.2601317318226488e-01   6.1027285888298843e-01
   2.0472740076278353e-01   7.6752746765492963e-01   6.0744405320335937e-01
   8.0162758325490094e-02   7.7499840565251077e-01   6.2685835992966976e-01
  -5.3394800206797662e-02   7.6704315803508349e-01   6.3936983743561304e-01
  -1.7586973435182809e-01   7.4112999531783863e-01   6.4791678985746159e-01
  -2.9142714685392429e-01   6.9757456899799108e-01   6.5456851342227584e-01
  -4.0161034075271473e-01   6.4939911156330010e-01   6.4574757305102193e-01
  -5.0048971890796590e-01   6.0317145177760478e-01   6.2104286569279743e-01
  -5.7327927538066203e-01   5.2392591026262103e-01   6.2996231075716502e-01
  -6.3895349439028715e-01   4.2278958526014471e-01   6.4264095621271777e-01
  -7.0496082501793356e-01   3.0545466167092955e-01   6.4009974601895647e-01
  -7.4368085470139378e-01   1.8245129177489663e-01   6.4315652253574795e-01
  -7.8220646561314500e-01   7.7208495632595853e-02   6.1821670420261465e-01
  -7.8994093916697494e-01  -2.4831259508660702e-02   6.1267995003852627e-01
  -7.4559396991284677e-01  -1.2709531014129899e-01   6.5416849065794058e-01
  -7.0068932269011641e-01  -2.3669581633325951e-01   6.7305985142362923e-01
  -6.5998095442859650e-01  -3.4943405166697900e-01   6.6507216399960523e-01
  -6.1340358124690153e-01  -4.5842109155151323e-01   6.4310663916196276e-01
  -5.4289170290003264e-01  -5.5926583040780775e-01   6.2649048664809592e-01
  -4.5249936127170315e-01  -6.2401112953746285e-01   6.3706705947025744e-01
  -3.4990554665177104e-01  -6.5983190726581009e-01   6.6497215172989665e-01
  -2.5596202921570510e-01  -7.0617586823808520e-01   6.6015080301243678e-01
  -1.6907903152279791e-01  -7.7752193751521437e-01   6.0569952763882839e-01
  -4.4783071040489564e-02  -8.0766739102187279e-01   5.8793525326187379e-01
   7.8645543524766895e-02  -7.8831915422832732e-01   6.1021946016202122e-01
   1.8420476986297959e-01  -7.3903116065984487e-01   6.4799810673603764e-01
   2.8641862957693898e-01  -7.2157744837563076e-01   6.3030972912289884e-01
   3.8630564623304520e-01  -6.7477041696471907e-01   6.2885040516622759e-01
   4.6894290997564719e-01  -6.1163122834546879e-01   6.3718112628685508e-01
   5.5781780388893720e-01  -5.3854488813312018e-01   6.3151302530526510e-01
   6.3840095183437506e-01  -4.4206524296877575e-01   6.3009725095093150e-01
   7.1187281807996117e-01  -3.3551406002162548e-01   6.1698250089179962e-01
   7.5899743230811645e-01  -2.2420941524002097e-01   6.1127165472268874e-01
   7.4340365870824177e-01  -1.1319544874185257e-01   6.5919480474540348e-01
   8.3952115372014491e-01   7.2697312448025964e-02   5.3844157827867545e-01
   8.2911366806561670e-01   1.8374329618774302e-01   5.2802360414364202e-01
   7.9889543578505018e-01   2.9026000794922374e-01   5.2679712458130534e-01
   7.5553541423465420e-01   3.9360903184624674e-01   5.2367754189608884e-01
   6.8960900223658017e-01   4.7221485498985138e-01   5.4904695132673498e-01
   6.1875076598669843e-01   5.6249947868133887e-01   5.4839933084760040e-01
   5.4812326723772098e-01   6.5669694207275353e-01   5.1798649614149250e-01
   4.5528425384573756e-01   7.2613876610333006e-01   5.1520747331736494e-01
   3.5074260043805838e-01   7.8438722666080218e-01   5.1158216044866522e-01
   2.3270787009196470e-01   8.2730804346665410e-01   5.1128118331563710e-01
   1.0853860738162135e-01   8.4299112565404566e-01   5.2686367570386095e-01
  -7.9735573068286329e-03   8.4031212516767029e-01   5.4204423682949388e-01
  -1.2255539682221114e-01   8.3000075976815868e-01   5.4413133845977824e-01
  -2.3275970911304428e-01   7.9952461366593830e-01   5.5369965681400168e-01
  -3.4145273516381658e-01   7.5631650659675431e-01   5.5802810995363872e-01
  -4.4778713633653272e-01   7.1230000617908196e-01   5.4047699463419108e-01
  -5.5027609087287466e-01   6.6065028241000179e-01   5.1062454716283734e-01
  -6.2645433554261365e-01   5.7721318094468310e-01   5.2381285706212188e-01
  -6.8830328012284148e-01   4.7834865124852499e-01   5.4536333065292741e-01
  -7.4646803267012896e-01   3.7687758708836377e-01   5.4840565328234903e-01
  -7.9279156656235494e-01   2.6530158797260195e-01   5.4872269809697405e-01
  -8.3303546546973783e-01   1.6373125832292185e-01   5.2843541546494588e-01
  -8.6551147654010741e-01   6.2400720350873448e-02   4.9698695564074441e-01
  -8.6241453538516721e-01  -4.5411712812370809e-02   5.0416162636185735e-01
  -8.1904507895213285e-01  -1.4982946681906251e-01   5.5381972655098699e-01
  -7.7648003961213274e-01  -2.5620456584682255e-01   5.7570649511985017e-01
  -7.3892212019942516e-01  -3.6221500698588260e-01   5.6814997051324689e-01
  -6.9700249875264186e-01  -4.6300314507571744e-01   5.4755420223258955e-01
  -6.3562351283809415e-01  -5.5702795932178240e-01   5.3451155503054548e-01
  -5.5880969052055396e-01  -6.4394903987843821e-01   5.2255273783605816e-01
  -4.6394003400923089e-01  -7.0503980550454426e-01   5.3635670732976581e-01
  -3.6523284993091776e-01  -7.4438473833199337e-01   5.5901370883883494e-01
  -2.7469348032596635e-01  -7.9390596753531129e-01   5.4245442811191924e-01
  -1.4573659601950226e-01  -8.4750576817579915e-01   5.1038692919137041e-01
   7.1680409070383425e-03  -8.6467916429418301e-01   5.0227339370612545e-01
   1.3614283301454877e-01  -8.4077858959536056e-01   5.2398138544876671e-01
   2.3551431319378205e-01  -8.1391460101510871e-01   5.3110830396000919e-01
   3.3960327696393078e-01  -7.8360159279352415e-01   5.2022894772091610e-01
   4.3742000016210891e-01  -7.3351877438149771e-01   5.2020568152226687e-01
   5.2593275005296969e-01  -6.6713505306200926e-01   5.2756569581206725e-01
   6.0575838067242582e-01  -5.9141256977139156e-01   5.3224802166050311e-01
   6.8119502074308402e-01  -4.9443320720270612e-01   5.3991587060400004e-01
   7.5438159399925853e-01  -3.8983704282762582e-01   5.2814343759489202e-01
   8.1274869604055977e-01  -2.7352505565795959e-01   5.1441578612215999e-01
   8.2824082805692367e-01  -1.4208948499336446e-01   5.4205876894844318e-01
   8.2631682071838863e-01  -3.8847066941808464e-02   5.6186423376815253e-01
   8.9715382994039861e-01   1.1994147899137102e-02   4.4155537120439159e-01
   8.9915232958777569e-01   1.2832797792525832e-01   4.1839815759452181e-01
   8.7672102011437258e-01   2.4235829596592245e-01   4.1547889148079270e-01
   8.3950395300226865e-01   3.5438643424251548e-01   4.1187785582432090e-01
   7.9805067045324496e-01   4.5019574858030853e-01   4.0054826843882607e-01
   7.2600601658616160e-01   5.2899218836650475e-01   4.3941157077153820e-01
   6.5126523383111046e-01   6.1958225260703070e-01   4.3814544098655928e-01
   5.6223596092512318e-01   7.1876924857999280e-01   4.0897615032952234e-01
   4.6601159300183737e-01   7.8724139580697428e-01   4.0383682337768134e-01
   3.6073213060558823e-01   8.3972450170733737e-01   4.0587570903063036e-01
   2.5015629394395950e-01   8.7952153179498971e-01   4.0480081979810539e-01
   1.3489916623488293e-01   8.9862264745440268e-01   4.1746802563929825e-01
   2.0408985645760182e-02   9.0476055063591099e-01   4.2543133325827598e-01
  -8.7816358500024283e-02   8.9839417168868352e-01   4.3032104231097001e-01
  -1.9774067579062943e-01   8.7785101576482683e-01   4.3620662450096626e-01
  -3.0343450948334755e-01   8.4094754128911997e-01   4.4803429696216790e-01
  -4.0807836703651112e-01   7.9752753019318035e-01   4.4432182586586993e-01
  -5.1368653424691657e-01   7.4711122073215641e-01   4.2184235016116900e-01
  -6.2105027687475389e-01   6.7172300671643603e-01   4.0383753644457365e-01
  -6.9944141088730050e-01   5.7362618333308024e-01   4.2630354740572601e-01
  -7.6353530131436842e-01   4.7309484836870042e-01   4.3953965474547685e-01
  -8.1811205828326883e-01   3.7037047124239131e-01   4.3990723354271227e-01
  -8.6028301243282745e-01   2.7281767949267760e-01   4.3067813071449351e-01
  -8.9775978026089220e-01   1.7348402424546613e-01   4.0488352680433037e-01
  -9.2238928208328019e-01   6.1832573328852745e-02   3.8128040229393245e-01
  -9.2017952848280882e-01  -5.6077383882519420e-02   3.8745962677167839e-01
  -8.8248905736153982e-01  -1.6206006451689695e-01   4.4153097187617563e-01
  -8.4382094865017554e-01  -2.6828391363620235e-01   4.6474718751506261e-01
  -8.0885411811755981e-01  -3.7118757797171020e-01   4.5604253920414073e-01
  -7.6865393386715863e-01  -4.6910728406722513e-01   4.3486720500126635e-01
  -7.1078840897639595e-01  -5.6095939350070778e-01   4.2438708334269748e-01
  -6.4212982931737250e-01  -6.4528127393926360e-01   4.1386152249775893e-01
  -5.5503079118485210e-01  -7.2101837385776968e-01   4.1481721926194742e-01
  -4.5473848516741094e-01  -7.7974002089031691e-01   4.3037008484514433e-01
  -3.6131578042588280e-01  -8.2561046867714483e-01   4.3338004202540353e-01
  -2.4902387971378173e-01  -8.6375787734049181e-01   4.3807469301997337e-01
  -9.2802495452326439e-02  -9.0017425915304672e-01   4.2552790742333735e-01
   5.8660556899229312e-02  -9.0855467305545423e-01   4.1362706044620540e-01
   1.6865745450681444e-01  -8.9931499063822329e-01   4.0346897111507118e-01
   2.6954853302840898e-01  -8.7242778141621069e-01   4.0769272075353674e-01
   3.6991168190763402e-01  -8.3710835979484122e-01   4.0300737158252603e-01
   4.7135120874588560e-01  -7.8203238049977819e-01   4.0774182255888691e-01
   5.6666332185046597e-01  -7.1186021902700070e-01   4.1490686694272216e-01
   6.5084043759902477e-01  -6.3571378506348020e-01   4.1505988515655579e-01
   7.1385480281409963e-01  -5.4881500490785196e-01   4.3498667897676740e-01
   7.8257814182873042e-01  -4.4859393272958709e-01   4.3166530489500105e-01
   8.4271476539848955e-01  -3.3807419537595201e-01   4.1897215014875533e-01
   8.7823749347405911e-01  -2.0602595523604494e-01   4.3156947392682588e-01
   8.9637973233067514e-01  -9.3713934098204471e-02   4.3326790098347306e-01
   9.4680413134731811e-01   5.0863051194762129e-02   3.1776545892656349e-01
   9.3653187290522311e-01   1.7360165153509771e-01   3.0458253005863845e-01
   9.0479116654716885e-01   2.9808102256690083e-01   3.0413919333700506e-01
   8.7550238122367130e-01   3.9844928592587897e-01   2.7337473734205625e-01
   8.2149486258441939e-01   4.9517419081477720e-01   2.8275203181999686e-01
   7.4577787609228563e-01   5.7951915851698221e-01   3.2859230734003547e-01
   6.5465276013744711e-01   6.7782015276246788e-01   3.3464847848673507e-01
   5.5768460194875147e-01   7.7609684027631576e-01   2.9438338822423660e-01
   4.5830213988602159e-01   8.4114798316582440e-01   2.8710489196800443e-01
   3.5586431311476169e-01   8.8964661261424549e-01   2.8616340666716522e-01
   2.5243480275620028e-01   9.2506542606809050e-01   2.8377918854436879e-01
   1.4273287013973660e-01   9.4339191275434398e-01   2.9939777342420770e-01
   2.9818628985032469e-02   9.5221917669927125e-01   3.0395639307574224e-01
  -8.1606077636707602e-02   9.4861837364942536e-01   3.0571821873658556e-01
  -1.9091810450053712e-01   9.2951095416100860e-01   3.1553076469436891e-01
  -3.0009921398324318e-01   8.9622816017475027e-01   3.2667345572669620e-01
  -4.0486357094875114e-01   8.5277756181622455e-01   3.2993320381768332e-01
  -5.1031658462412688e-01   7.9975723636453711e-01   3.1617296902190173e-01
  -6.1229297942191607e-01   7.2833380962939398e-01   3.0761529399782278e-01
  -7.1368215927218115e-01   6.2418118700394831e-01   3.1789246818215000e-01
  -7.9169425638627666e-01   5.1445710932970035e-01   3.2947547263052668e-01
  -8.5269582461093518e-01   4.1290904930736083e-01   3.2002491729733906e-01
  -8.9746570825913141e-01   3.2153036477750496e-01   3.0194954383966238e-01
  -9.3076310210597235e-01   2.1828619726157591e-01   2.9331072916473361e-01
  -9.5715077207041732e-01   9.7083297062802248e-02   2.7283187672341347e-01
  -9.6143958723471756e-01  -3.3886983189677186e-02   2.7292048744687269e-01
  -9.3615876837429512e-01  -1.5890944470243287e-01   3.1361528786123816e-01
  -9.0172556247659219e-01  -2.6225780455119296e-01   3.4367405186929922e-01
  -8.6763868199362748e-01  -3.6672068174400863e-01   3.3573659182396326e-01
  -8.2781427574455457e-01  -4.6518716306176983e-01   3.1356726263444806e-01
  -7.7264642212011747e-01  -5.5795327481106438e-01   3.0282940661796698e-01
  -7.0754977503507321e-01  -6.4365362502906120e-01   2.9169046407924615e-01
  -6.2976091113238386e-01  -7.1941972612223293e-01   2.9297858706042146e-01
  -5.3317658063585427e-01  -7.8774985002823483e-01   3.0850106586842097e-01
  -4.3400753241370921e-01  -8.4695167001426597e-01   3.0709987051154741e-01
  -3.2707582137791119e-01  -8.8877482146796505e-01   3.2109301424128095e-01
  -1.9877169849387541e-01  -9.1544191515671114e-01   3.4993701126355986e-01
  -5.1380969896162178e-02  -9.4215385069890845e-01   3.3121913825403959e-01
   5.4351398308406129e-02  -9.5539262524078550e-01   2.9029443180578074e-01
   1.6374098315866187e-01  -9.4629238986806619e-01   2.7878235832279397e-01
   2.7014659471135755e-01  -9.2219630935074381e-01   2.7672149245355832e-01
   3.6924140935102084e-01  -8.8689079753265787e-01   2.7764274683909529e-01
   4.7085217260428514e-01  -8.3199436859581555e-01   2.9340007187912343e-01
   5.7381857249642809e-01  -7.6101677654588240e-01   3.0263131310866698e-01
   6.6714170776552562e-01  -6.8393355524224453e-01   2.9522336251286380e-01
   7.4003075579062705e-01  -6.0335042155888874e-01   2.9719143542280052e-01
   7.9280388279254155e-01  -5.1583366023548571e-01   3.2461922062184084e-01
   8.5668291279277231e-01  -4.0594129043469729e-01   3.1828612230052394e-01
   9.0445498653216128e-01  -2.7848196806034037e-01   3.2312377009800358e-01
   9.3467767288390480e-01  -1.6764240190905735e-01   3.1348632010741762e-01
   9.4882890588283231e-01  -5.5560197260022870e-02   3.1086455546043629e-01
   9.8329236235708073e-01  -1.8952778207443908e-03   1.8202345467607606e-01
   9.7477937866097064e-01   1.0523208919022027e-01   1.9680287178289227e-01
   9.5223671898475515e-01   2.3320113326785175e-01   1.9713564482289339e-01
   9.2835002059427685e-01   3.3571731901953961e-01   1.5956227929225200e-01
   8.8282404078771104e-01   4.4488511988419799e-01   1.5066168428927310e-01
   8.1471085002509835e-01   5.5186890695508461e-01   1.7800825932405959e-01
   7.3647202747049578e-01   6.3594313224399923e-01   2.3061935154099372e-01
   6.4646514238783725e-01   7.2958048300493616e-01   2.2314824331765964e-01
   5.5849144366757730e-01   8.1154233519231955e-01   1.7171588610464120e-01
   4.5936114936930605e-01   8.7275940119401196e-01   1.6516162410675059e-01
   3.5683520579896061e-01   9.2101681437685068e-01   1.5619431339690651e-01
   2.5548746522575261e-01   9.5486135786553950e-01   1.5154518259482219e-01
   1.4986459954503376e-01   9.7342951184274651e-01   1.7313459295241643e-01
   3.5598329083850293e-02   9.8281671185766428e-01   1.8111893843473886e-01
  -8.3376718486772888e-02   9.7962361019032818e-01   1.8271810302223884e-01
  -2.0143085111184614e-01   9.6016642752643344e-01   1.9366477137436117e-01
  -3.1570235535218866e-01   9.2591365278231019e-01   2.0740282162111487e-01
  -4.2760602173044565e-01   8.7922196951175902e-01   2.1005194240407557e-01
  -5.3066983366484033e-01   8.2438437628741745e-01   1.9692619879370130e-01
  -6.2440403840197312e-01   7.5715776501431276e-01   1.9191590790197152e-01
  -7.0832314951150177e-01   6.7245792416419292e-01   2.1465939554301197e-01
  -7.9222491689592567e-01   5.6796038047619968e-01   2.2316067587855662e-01
  -8.6014412599041468e-01   4.6799432059028601e-01   2.0281370372689850e-01
  -9.0901934978352528e-01   3.8263403286884029e-01   1.6515150199033621e-01
  -9.4384612841677040e-01   2.8137502139365711e-01   1.7315479551081550e-01
  -9.7155491461124188e-01   1.6125563267669668e-01   1.7342914641080656e-01
  -9.8588239196914429e-01   2.3821204981038444e-02   1.6573611374244840e-01
  -9.7718828119596657e-01  -1.1163146230685141e-01   1.8066953178803158e-01
  -9.5369808446334148e-01  -2.2043753675892133e-01   2.0461489701048713e-01
  -9.1916183251915762e-01  -3.2789071747831333e-01   2.1824115796884144e-01
  -8.8185420338622311e-01  -4.3037149791196455e-01   1.9264874189846595e-01
  -8.2982188517751088e-01  -5.2851796018321040e-01   1.7906536416688865e-01
  -7.6673139968210413e-01  -6.1981210450790858e-01   1.6720022681503435e-01
  -6.9723424047773785e-01  -6.9978196013502147e-01   1.5546582317351701e-01
  -6.1259453350298054e-01  -7.6983772208591905e-01   1.7910281733079714e-01
  -5.1371748429009145e-01  -8.3628515688717953e-01   1.9162850180713017e-01
  -4.0155347172794909e-01  -8.9522184577017871e-01   1.9321660435652435e-01
  -2.8022825579871596e-01  -9.3301638274039433e-01   2.2572672458093943e-01
  -1.5892681146878290e-01  -9.5532237905480644e-01   2.4920156635428836e-01
  -5.9532508266951660e-02  -9.7829372757672239e-01   1.9848743799920232e-01
   4.8848783087934826e-02  -9.8537202517841016e-01   1.6326594374402295e-01
   1.6462243980839322e-01  -9.7431440079440268e-01   1.5365838967064599e-01
   2.7582748460989254e-01  -9.5005203524924020e-01   1.4601482476980199e-01
   3.8101228669018694e-01  -9.1270343066445336e-01   1.4765529128497970e-01
   4.8039534987689853e-01  -8.5951889471236087e-01   1.7449234209298081e-01
   5.7988472439763727e-01  -7.9231011020316966e-01   1.8967971868420061e-01
   6.7398669131994271e-01  -7.1716406248231512e-01   1.7725023951311972e-01
   7.5262464401035667e-01  -6.3937874992721955e-01   1.5732437627332230e-01
   8.1039262730941186e-01  -5.5687443463542896e-01   1.8208419385553520e-01
   8.6112697943056504e-01  -4.6091153310741456e-01   2.1452478631935284e-01
   9.1634576817489666e-01  -3.3612758143861649e-01   2.1755156203572690e-01
   9.5509519172509982e-01  -2.2677357559975214e-01   1.9070112782387583e-01
   9.7496495816629924e-01  -1.1644021939605026e-01   1.8943338051881489e-01
   9.9657199046009848e-01   6.3039756108072317e-02   5.3574779329754650e-02
   9.8191096689846180e-01   1.6950539986112106e-01   8.4372818504832373e-02
   9.6098997129093056e-01   2.7265408087233345e-01   4.6454572023854716e-02
   9.2275025884604212e-01   3.8389218832954969e-01   3.4040381007150032e-02
   8.6144210886494799e-01   5.0502476908721927e-01   5.3548815885245980e-02
   7.8622870170982073e-01   6.1221559932791847e-01   8.3883780000949204e-02
   7.1050580198751878e-01   6.9363839405705841e-01   1.1852123705065523e-01
   6.3286116823583605e-01   7.6996116882307941e-01   8.1526316265180185e-02
   5.3728928541288679e-01   8.4220521436523021e-01   4.4839722083507193e-02
   4.3460647261092478e-01   8.9980687438037654e-01   3.8272742030154044e-02
   3.2747288648154127e-01   9.4461507555161250e-01   2.1537587145942512e-02
   2.2225744826188101e-01   9.7482665059153029e-01   1.7737756019739644e-02
   1.2027398476816142e-01   9.9151103432170073e-01   4.9396734773658281e-02
   1.8290482562705363e-04   9.9792540180348910e-01   6.4380579223626055e-02
  -1.3115754987870354e-01   9.8871441670367022e-01   7.2398199647066661e-02
  -2.6127667001185961e-01   9.6142286439269686e-01   8.6026609432523951e-02
  -3.8303461674865130e-01   9.1877068620372082e-01   9.5629015183455526e-02
  -4.9168942643836300e-01   8.6711445097490958e-01   7.9712212610080435e-02
  -5.8568731964538046e-01   8.0808655158131226e-01   6.2980066370503796e-02
  -6.7231747255172591e-01   7.3657129922924447e-01   7.3837234871045612e-02
  -7.4984938413238866e-01   6.5342908823110368e-01   1.0371271749282258e-01
  -8.2004373237425254e-01   5.6303435109949851e-01   1.0256995893375334e-01
  -8.7770011709539353e-01   4.7541110970703443e-01   6.0222763286473184e-02
  -9.2234170103731483e-01   3.8577689442274932e-01   2.1493586418546064e-02
  -9.5810449111566043e-01   2.8197540474926625e-01   5.0255897370247597e-02
  -9.8466000740158444e-01   1.6371993286787562e-01   6.0336169961724688e-02
  -9.9743386487602737e-01   4.0076194004446113e-02   5.9326080880072157e-02
  -9.9403538010374815e-01  -8.8955363165527560e-02   6.3092047566123410e-02
  -9.7796163274500769e-01  -2.0003945346815968e-01   5.9793494084879502e-02
  -9.4895727670147245e-01  -3.0128539643396285e-01   9.3312361940714211e-02
  -9.0824010041629499e-01  -4.1196647712214773e-01   7.3372622437564317e-02
  -8.5131697167874920e-01  -5.2163777268607203e-01   5.6155568190854509e-02
  -7.8525854882802837e-01  -6.1799169581347391e-01   3.8148072010071837e-02
  -7.1338123362901307e-01  -7.0052149418158105e-01   1.8890518668175975e-02
  -6.3284819805366144e-01  -7.7284059690135387e-01   4.7122924372250921e-02
  -5.3684544640703402e-01  -8.4041190489758777e-01   7.4194317696438736e-02
  -4.2588883373133868e-01  -9.0103714843484051e-01   8.2162999235491391e-02
  -3.0652526019829252e-01  -9.4623619126958869e-01   1.0334086893379281e-01
  -1.9645493808819356e-01  -9.7298781206502327e-01   1.2124427769459016e-01
  -9.8940290007143356e-02  -9.9211131118398299e-01   7.6980291205610091e-02
   1.7434382957212301e-02  -9.9872008920994071e-01   4.7478686790911065e-02
   1.4463013941841529e-01  -9.8883724705180109e-01   3.5819291098859937e-02
   2.6892646860318037e-01  -9.6285098277865133e-01   2.4424157033722679e-02
   3.8532899525656916e-01  -9.2251764718337348e-01   2.1971710215995036e-02
   4.8859956720859610e-01  -8.7120379642041657e-01   4.7690754095796511e-02
   5.8306446120829081e-01  -8.0963119350351265e-01   6.7328779745091938e-02
   6.7183259491886216e-01  -7.3867543092563093e-01   5.4768349905958198e-02
   7.5151025023744022e-01  -6.5919854989803328e-01   2.6260533132254595e-02
   8.1762328116597038e-01  -5.7490051325009817e-01   3.1330016919340634e-02
   8.6819611875462166e-01  -4.9018456740037475e-01   7.7165985135409551e-02
   9.1413641247128852e-01  -3.9019570315178742e-01   1.1000878435836085e-01
   9.5625207662928424e-01  -2.8236136034434101e-01   7.6511620860327936e-02
   9.8362391008060790e-01  -1.6974070259828505e-01   6.0597833287807372e-02
   9.9649838795150891e-01  -5.4976928683041326e-02   6.2996032594313883e-02
  -0.0000000000000000e+00  -0.0000000000000000e+00  -1.0000000000000000e+00
  -1.4376149631386095e-01  -0.0000000000000000e+00  -9.8961236460424229e-01
  -8.5959107377919328e-02  -9.2640237061950875e-02  -9.9198226714790461e-01
   2.0402943841400362e-02  -1.5157323790235025e-01  -9.8823543421312421e-01
   1.0386863160668121e-01  -7.9637519467974122e-02  -9.9139758566437086e-01
   1.0447431153748366e-01   5.1533153139393280e-02  -9.9319154867340698e-01
   1.7313852625959601e-02   1.4581865729819021e-01  -9.8915982009531678e-01
  -8.1925956328807295e-02   1.0752984558962651e-01  -9.9082060434121044e-01
  -2.8174364905111887e-01  -4.7981931108958084e-02  -9.5828923113348985e-01
  -2.1557628861853664e-01  -1.3324036624688071e-01  -9.6735405544601638e-01
  -1.3434312746029570e-01  -2.1330660208840088e-01  -9.6770461278723241e-01
  -3.5970457838187878e-02  -2.6055120543325627e-01  -9.6478971569466276e-01
   8.8705234794524274e-02  -2.5786254375921797e-01  -9.6210097694892383e-01
   1.8194712436193744e-01  -1.9505389600933745e-01  -9.6376824059936750e-01
   2.2344192071211663e-01  -8.7252625213588758e-02  -9.7080414474898968e-01
   2.2848176630190969e-01   2.4314374125501231e-02  -9.7324451895628195e-01
   1.8251336415986949e-01   1.4115648474862230e-01  -9.7301784090347432e-01
   1.1464004654390479e-01   2.2923399012710285e-01  -9.6659683296543997e-01
  -3.2705747853385022e-03   2.6842421170232361e-01  -9.6329525375793257e-01
  -1.1078741213790187e-01   2.5353742923666184e-01  -9.6096041608791116e-01
  -1.8666059273754623e-01   1.6453492951752249e-01  -9.6854843972179927e-01
  -2.4372926555394284e-01   6.3561226298835774e-02  -9.6775824234357399e-01
  -3.8685482657786247e-01   1.0921940356417548e-02  -9.2207594826687833e-01
  -3.7078336143237661e-01  -1.3355729381582304e-01  -9.1906591066881671e-01
  -2.9831689163016539e-01  -2.2433295300820397e-01  -9.2772935620402519e-01
  -2.1730483352023677e-01  -3.0384256653810626e-01  -9.2760891764163123e-01
  -1.2749178479970349e-01  -3.6534496396624622e-01  -9.2210026684362711e-01
  -1.8608473941794833e-02  -3.8226167153514773e-01  -9.2386673236604444e-01
   9.1035584043686280e-02  -3.7515603926331847e-01  -9.2248060610621208e-01
   2.0692034814430824e-01  -3.2289854438162252e-01  -9.2353695083633103e-01
   2.9731787685669608e-01  -2.3203449131474133e-01  -9.2615445522965323e-01
   3.4579260192313499e-01  -1.3735795627898192e-01  -9.2820270862677923e-01
   3.5425453279694069e-01  -3.1054824120716914e-02  -9.3463325635869210e-01
   3.3075038263073930e-01   8.6027434231360778e-02  -9.3978905343124119e-01
   2.9783662479608419e-01   1.9146090078318884e-01  -9.3521979683995482e-01
   2.3244522719189017e-01   2.8020615756358952e-01  -9.3137195878937618e-01
   1.0752884700571268e-01   3.4954746920680141e-01  -9.3072773346061966e-01
   8.9834185447715108e-03   4.0150153075554390e-01  -9.1581429285210680e-01
  -9.9285774012974032e-02   3.7582444235537421e-01  -9.2135678409990374e-01
  -2.2510701501803970e-01   2.9844372576672312e-01  -9.2750103737955192e-01
  -3.0372179316637277e-01   2.1548018615223263e-01  -9.2807400660270745e-01
  -3.5189782981652201e-01   1.2038072399347539e-01  -9.2826526309090596e-01
  -4.6679311940689378e-01  -6.3667168402731830e-02  -8.8207180849518119e-01
  -4.5246299347972235e-01  -2.0308850547732868e-01  -8.6835033164866915e-01
  -3.7365205699422155e-01  -3.0419983985635946e-01  -8.7626856484490656e-01
  -2.9433271713084264e-01  -3.9276090349650106e-01  -8.7126753888285524e-01
  -2.0927429354786226e-01  -4.5890944481406509e-01  -8.6348502680734995e-01
  -1.0254505714704844e-01  -4.9248952077040797e-01  -8.6425608657737696e-01
   2.3468119426601724e-03  -5.0503839637938186e-01  -8.6309368590915336e-01
   1.1431691257755672e-01  -4.8364243813903657e-01  -8.6776819227813562e-01
   2.2434484244706085e-01  -4.2904676895099114e-01  -8.7497900644536508e-01
   3.2820795880168607e-01  -3.5002888651428476e-01  -8.7735928466324486e-01
   4.1606362145707776e-01  -2.7450594778764925e-01  -8.6691265276798557e-01
   4.6156711879932782e-01  -1.7693390086951838e-01  -8.6928142138572284e-01
   4.7760916992629832e-01  -6.9202314036749715e-02  -8.7584274874789680e-01
   4.5861130435765585e-01   3.9296114459238876e-02  -8.8776769872741823e-01
   4.3568393998669153e-01   1.5026444504259595e-01  -8.8746836619324843e-01
   3.9665847540090393e-01   2.6057245411847441e-01  -8.8020682231354352e-01
   3.3556775918126264e-01   3.4823485726195874e-01  -8.7528667485904832e-01
   2.1269002687442393e-01   3.9250515482029835e-01  -8.9481990138108269e-01
   1.0244432115352339e-01   4.8144908118282498e-01  -8.7046650900055156e-01
   8.0471531752246113e-05   5.2798599799779966e-01  -8.4925307149435725e-01
  -1.0414239095382961e-01   4.9225690415857515e-01  -8.6419760628842002e-01
  -2.0989400058109314e-01   4.1192920739842454e-01  -8.8671237535751679e-01
  -3.2512353320222015e-01   3.6575258932016402e-01  -8.7207782425864966e-01
  -4.0036777282919073e-01   2.8278616345642288e-01  -8.7162929748683349e-01
  -4.5841503088262459e-01   1.9319297035598013e-01  -8.6748610113702440e-01
  -4.8112943687575865e-01   8.6279389309897730e-02  -8.7239345020003822e-01
  -5.6203123147506984e-01   1.8582292828805042e-02  -8.2690724585036801e-01
  -5.6299089906901856e-01  -1.0158426759654518e-01  -8.2019624733494834e-01
  -5.4932687594409657e-01  -2.1481079637693967e-01  -8.0752480155435724e-01
  -4.7507561582764724e-01  -3.2852047525054318e-01  -8.1631945743510181e-01
  -3.9964505406125300e-01  -4.3068134747385822e-01  -8.0919553119285070e-01
  -3.2783798047036777e-01  -5.1578013256540856e-01  -7.9151317955667699e-01
  -2.2814584310683764e-01  -5.6693604082201665e-01  -7.9153837550059880e-01
  -1.2465400878923102e-01  -6.0178427861146311e-01  -7.8887074993870521e-01
  -1.2745297561551561e-02  -6.1364615723584648e-01  -7.8947827778840518e-01
   1.0515664452372771e-01  -5.9172062663742175e-01  -7.9925514081820415e-01
   2.2223348218980907e-01  -5.4341750069813510e-01  -8.0951201308491039e-01
   3.2679544107717634e-01  -4.7982423547548136e-01  -8.1423181142813594e-01
   4.1643270490831469e-01  -4.1443407626962231e-01  -8.0921455665928888e-01
   5.0404574206655084e-01  -3.3657311789522221e-01  -7.9539702426830139e-01
   5.5706619097153942e-01  -2.3274293623272063e-01  -7.9718754663518931e-01
   5.8408342537086688e-01  -1.1879487980183992e-01  -8.0295350347320937e-01
   5.8666729042134558e-01  -9.1629941510228113e-03  -8.0977622210575251e-01
   5.6023988454383633e-01   9.4596471418824130e-02  -8.2291116128134789e-01
   5.2428012927579248e-01   2.1170893649077405e-01  -8.2480887013689641e-01
   4.8255823686797444e-01   3.2779234564579440e-01  -8.1221285767149731e-01
   4.2587652893233069e-01   4.2539490840137467e-01  -7.9854139154506931e-01
   3.1774439084182782e-01   4.6059666910631542e-01  -8.2878779581791806e-01
   2.0727873813204084e-01   5.0679301077489791e-01  -8.3677737119744289e-01
   1.1293484688774122e-01   5.9881184460381165e-01  -7.9288718940377823e-01
   1.1220898519337689e-02   6.3569940248034840e-01  -7.7185514257699073e-01
  -1.0670758464205639e-01   6.0319763186825792e-01  -7.9042147509312022e-01
  -2.1418783568050129e-01   5.3112969058089288e-01  -8.1977120151292671e-01
  -3.0965745153873192e-01   4.8783873334927924e-01  -8.1616519954645739e-01
  -4.1426711647256914e-01   4.2655152770199006e-01  -8.0401278001322918e-01
  -4.9341440281139515e-01   3.4572986808397455e-01  -7.9813099514610497e-01
  -5.5310826749215614e-01   2.5386858064683843e-01  -7.9348723253256270e-01
  -5.8429182753446030e-01   1.4801884399553836e-01  -7.9793075018993032e-01
  -6.6272665553836141e-01  -4.7584482635003512e-02  -7.4734804278281020e-01
  -6.6402953438796997e-01  -1.5431842457257808e-01  -7.3160822938095316e-01
  -6.3414576675589074e-01  -2.6276061860674066e-01  -7.2719736235425536e-01
  -5.6501580234716209e-01  -3.5266561828446691e-01  -7.4591159313824007e-01
  -4.9846361443194154e-01  -4.5415669641539608e-01  -7.3842787067424431e-01
  -4.3525838317275684e-01  -5.4804804258815132e-01  -7.1427829512951990e-01
  -3.4108264836357438e-01  -6.1875936154302391e-01  -7.0767187275471088e-01
  -2.4066526291723131e-01  -6.6972921876772484e-01  -7.0252615948002450e-01
  -1.3129134441744392e-01  -6.9708471388362359e-01  -7.0486557906514835e-01
  -2.6559096484760842e-03  -7.0085580369136957e-01  -7.1329803629062627e-01
   1.2916941920285696e-01  -6.7403063015923637e-01  -7.2732246682605606e-01
   2.5084619997812768e-01  -6.2742366331477450e-01  -7.3716736950925987e-01
   3.6125545265987674e-01  -5.7282057046394186e-01  -7.3577924133320838e-01
   4.5504111974132144e-01  -5.1872321694162282e-01  -7.2378436260415180e-01
   5.3075630356411962e-01  -4.3957905827767235e-01  -7.2461575869606010e-01
   6.1091761905534481e-01  -3.3334754212070183e-01  -7.1809405991822228e-01
   6.5646881629544251e-01  -2.1137096938426031e-01  -7.2413466049707809e-01
   6.8499887401595883e-01  -8.8319646377264888e-02  -7.2317092216201806e-01
   6.9576546969862674e-01   1.3604838615261615e-02  -7.1814018098230781e-01
   6.5527664419898157e-01   1.1631061110358527e-01  -7.4638084200495913e-01
   6.1304068050886440e-01   2.3214124018605894e-01  -7.5517651489311222e-01
   5.7044329313088660e-01   3.5243968773376783e-01  -7.4187648286767627e-01
   5.1770203848378626e-01   4.6512238297615222e-01  -7.1808479179294538e-01
   4.2522450604783274e-01   5.3763533150485299e-01  -7.2810189518641111e-01
   3.2199979945307161e-01   5.6601953888388468e-01  -7.5890579833985738e-01
   2.2318282258857383e-01   6.1520622989144558e-01  -7.5611554831530270e-01
   1.3642457053014576e-01   6.9852604502028248e-01  -7.0245975043698250e-01
   3.3145592592019504e-02   7.3205639525756550e-01  -6.8043721521843803e-01
  -8.3083368677250816e-02   7.0093715657518341e-01  -7.0836731741486836e-01
  -2.0693912404844997e-01   6.4147369995590453e-01  -7.3870676943083602e-01
  -3.0795133548303583e-01   6.1405247708414445e-01  -7.2670869704513708e-01
  -3.9332710677903782e-01   5.5156414155008415e-01  -7.3557513880564929e-01
  -4.8996581150256741e-01   4.8936919896514364e-01  -7.2142310100442741e-01
  -5.7003468615336284e-01   4.0145403762014686e-01  -7.1686477962061923e-01
  -6.3879535192245263e-01   3.0494981277911304e-01  -7.0636117535454457e-01
  -6.7303755392852616e-01   1.9934919507648971e-01  -7.1223616127255296e-01
  -6.5870401958392732e-01   6.7834411237036540e-02  -7.4933804603536702e-01
  -7.5148603407913772e-01  -1.8748012252313997e-03  -6.5974633436221153e-01
  -7.6147991137497484e-01  -1.0904599331915346e-01  -6.3895016700318630e-01
  -7.4165388246661967e-01  -2.1638874533979613e-01  -6.3492159320065522e-01
  -7.0646879097601356e-01  -3.2189122527362957e-01  -6.3030777122666926e-01
  -6.3938467180039127e-01  -4.0419434548657535e-01  -6.5407505115497633e-01
  -5.7553843065659560e-01  -4.9496268673413513e-01  -6.5097423418924161e-01
  -5.0848392349369687e-01  -5.9260521148770773e-01  -6.2471046322761825e-01
  -4.1969625509219893e-01  -6.6607156221846375e-01  -6.1660662294970447e-01
  -3.1697304313869168e-01  -7.2601317318226488e-01  -6.1027285888298843e-01
  -2.0472740076278353e-01  -7.6752746765492963e-01  -6.0744405320335937e-01
  -8.0162758325490094e-02  -7.7499840565251077e-01  -6.2685835992966976e-01
   5.3394800206797662e-02  -7.6704315803508349e-01  -6.3936983743561304e-01
   1.7586973435182809e-01  -7.4112999531783863e-01  -6.4791678985746159e-01
   2.9142714685392429e-01  -6.9757456899799108e-01  -6.5456851342227584e-01
   4.0161034075271473e-01  -6.4939911156330010e-01  -6.4574757305102193e-01
   5.0048971890796590e-01  -6.0317145177760478e-01  -6.2104286569279743e-01
   5.7327927538066203e-01  -5.2392591026262103e-01  -6.2996231075716502e-01
   6.3895349439028715e-01  -4.2278958526014471e-01  -6.4264095621271777e-01
   7.0496082501793356e-01  -3.0545466167092955e-01  -6.4009974601895647e-01
   7.4368085470139378e-01  -1.8245129177489663e-01  -6.4315652253574795e-01
   7.8220646561314500e-01  -7.7208495632595853e-02  -6.1821670420261465e-01
   7.8994093916697494e-01   2.4831259508660702e-02  -6.1267995003852627e-01
   7.4559396991284677e-01   1.2709531014129899e-01  -6.5416849065794058e-01
   7.0068932269011641e-01   2.3669581633325951e-01  -6.7305985142362923e-01
   6.5998095442859650e-01   3.4943405166697900e-01  -6.6507216399960523e-01
   6.1340358124690153e-01   4.5842109155151323e-01  -6.4310663916196276e-01
   5.4289170290003264e-01   5.5926583040780775e-01  -6.2649048664809592e-01
   4.5249936127170315e-01   6.2401112953746285e-01  -6.3706705947025744e-01
   3.4990554665177104e-01   6.5983190726581009e-01  -6.6497215172989665e-01
   2.5596202921570510e-01   7.0617586823808520e-01  -6.6015080301243678e-01
   1.6907903152279791e-01   7.7752193751521437e-01  -6.0569952763882839e-01
   4.4783071040489564e-02   8.0766739102187279e-01  -5.8793525326187379e-01
  -7.8645543524766895e-02   7.8831915422832732e-01  -6.1021946016202122e-01
  -1.8420476986297959e-01   7.3903116065984487e-01  -6.4799810673603764e-01
  -2.8641862957693898e-01   7.2157744837563076e-01  -6.3030972912289884e-01
  -3.8630564623304520e-01   6.7477041696471907e-01  -6.2885040516622759e-01
  -4.6894290997564719e-01   6.1163122834546879e-01  -6.3718112628685508e-01
  -5.5781780388893720e-01   5.3854488813312018e-01  -6.3151302530526510e-01
  -6.3840095183437506e-01   4.4206524296877575e-01  -6.3009725095093150e-01
  -7.1187281807996117e-01   3.3551406002162548e-01  -6.1698250089179962e-01
  -7.5899743230811645e-01   2.2420941524002097e-01  -6.1127165472268874e-01
  -7.4340365870824177e-01   1.1319544874185257e-01  -6.5919480474540348e-01
  -8.3952115372014491e-01  -7.2697312448025964e-02  -5.3844157827867545e-01
  -8.2911366806561670e-01  -1.8374329618774302e-01  -5.2802360414364202e-01
  -7.9889543578505018e-01  -2.9026000794922374e-01  -5.2679712458130534e-01
  -7.5553541423465420e-01  -3.9360903184624674e-01  -5.2367754189608884e-01
  -6.8960900223658017e-01  -4.7221485498985138e-01  -5.4904695132673498e-01
  -6.1875076598669843e-01  -5.6249947868133887e-01  -5.4839933084760040e-01
  -5.4812326723772098e-01  -6.5669694207275353e-01  -5.1798649614149250e-01
  -4.5528425384573756e-01  -7.2613876610333006e-01  -5.1520747331736494e-01
  -3.5074260043805838e-01  -7.8438722666080218e-01  -5.1158216044866522e-01
  -2.3270787009196470e-01  -8.2730804346665410e-01  -5.1128118331563710e-01
  -1.0853860738162135e-01  -8.4299112565404566e-01  -5.2686367570386095e-01
   7.9735573068286329e-03  -8.4031212516767029e-01  -5.4204423682949388e-01
   1.2255539682221114e-01  -8.3000075976815868e-01  -5.4413133845977824e-01
   2.3275970911304428e-01  -7.9952461366593830e-01  -5.5369965681400168e-01
   3.4145273516381658e-01  -7.5631650659675431e-01  -5.5802810995363872e-01
   4.4778713633653272e-01  -7.1230000617908196e-01  -5.4047699463419108e-01
   5.5027609087287466e-01  -6.6065028241000179e-01  -5.1062454716283734e-01
   6.2645433554261365e-01  -5.7721318094468310e-01  -5.2381285706212188e-01
   6.8830328012284148e-01  -4.7834865124852499e-01  -5.4536333065292741e-01
   7.4646803267012896e-01  -3.7687758708836377e-01  -5.4840565328234903e-01
   7.9279156656235494e-01  -2.6530158797260195e-01  -5.4872269809697405e-01
   8.3303546546973783e-01  -1.6373125832292185e-01  -5.2843541546494588e-01
   8.6551147654010741e-01  -6.2400720350873448e-02  -4.9698695564074441e-01
   8.6241453538516721e-01   4.5411712812370809e-02  -5.0416162636185735e-01
   8.1904507895213285e-01   1.4982946681906251e-01  -5.5381972655098699e-01
   7.7648003961213274e-01   2.5620456584682255e-01  -5.7570649511985017e-01
   7.3892212019942516e-01   3.6221500698588260e-01  -5.6814997051324689e-01
   6.9700249875264186e-01   4.6300314507571744e-01  -5.4755420223258955e-01
   6.3562351283809415e-01   5.5702795932178240e-01  -5.3451155503054548e-01
   5.5880969052055396e-01   6.4394903987843821e-01  -5.2255273783605816e-01
   4.6394003400923089e-01   7.0503980550454426e-01  -5.3635670732976581e-01
   3.6523284993091776e-01   7.4438473833199337e-01  -5.5901370883883494e-01
   2.7469348032596635e-01   7.9390596753531129e-01  -5.4245442811191924e-01
   1.4573659601950226e-01   8.4750576817579915e-01  -5.1038692919137041e-01
  -7.1680409070383425e-03   8.6467916429418301e-01  -5.0227339370612545e-01
  -1.3614283301454877e-01   8.4077858959536056e-01  -5.2398138544876671e-01
  -2.3551431319378205e-01   8.1391460101510871e-01  -5.3110830396000919e-01
  -3.3960327696393078e-01   7.8360159279352415e-01  -5.2022894772091610e-01
  -4.3742000016210891e-01   7.3351877438149771e-01  -5.2020568152226687e-01
  -5.2593275005296969e-01   6.6713505306200926e-01  -5.2756569581206725e-01
  -6.0575838067242582e-01   5.9141256977139156e-01  -5.3224802166050311e-01
  -6.8119502074308402e-01   4.9443320720270612e-01  -5.3991587060400004e-01
  -7.5438159399925853e-01   3.8983704282762582e-01  -5.2814343759489202e-01
  -8.1274869604055977e-01   2.7352505565795959e-01  -5.1441578612215999e-01
  -8.2824082805692367e-01   1.4208948499336446e-01  -5.4205876894844318e-01
  -8.2631682071838863e-01   3.8847066941808464e-02  -5.6186423376815253e-01
  -8.9715382994039861e-01  -1.1994147899137102e-02  -4.4155537120439159e-01
  -8.9915232958777569e-01  -1.2832797792525832e-01  -4.1839815759452181e-01
  -8.7672102011437258e-01  -2.4235829596592245e-01  -4.1547889148079270e-01
  -8.3950395300226865e-01  -3.5438643424251548e-01  -4.1187785582432090e-01
  -7.9805067045324496e-01  -4.5019574858030853e-01  -4.0054826843882607e-01
  -7.2600601658616160e-01  -5.2899218836650475e-01  -4.3941157077153820e-01
  -6.5126523383111046e-01  -6.1958225260703070e-01  -4.3814544098655928e-01
  -5.6223596092512318e-01  -7.1876924857999280e-01  -4.0897615032952234e-01
  -4.6601159300183737e-01  -7.8724139580697428e-01  -4.0383682337768134e-01
  -3.6073213060558823e-01  -8.3972450170733737e-01  -4.0587570903063036e-01
  -2.5015629394395950e-01  -8.7952153179498971e-01  -4.0480081979810539e-01
  -1.3489916623488293e-01  -8.9862264745440268e-01  -4.1746802563929825e-01
  -2.0408985645760182e-02  -9.0476055063591099e-01  -4.2543133325827598e-01
   8.7816358500024283e-02  -8.9839417168868352e-01  -4.3032104231097001e-01
   1.9774067579062943e-01  -8.7785101576482683e-01  -4.3620662450096626e-01
   3.0343450948334755e-01  -8.4094754128911997e-01  -4.4803429696216790e-01
   4.0807836703651112e-01  -7.9752753019318035e-01  -4.4432182586586993e-01
   5.1368653424691657e-01  -7.4711122073215641e-01  -4.2184235016116900e-01
   6.2105027687475389e-01  -6.7172300671643603e-01  -4.0383753644457365e-01
   6.9944141088730050e-01  -5.7362618333308024e-01  -4.2630354740572601e-01
   7.6353530131436842e-01  -4.7309484836870042e-01  -4.3953965474547685e-01
   8.1811205828326883e-01  -3.7037047124239131e-01  -4.3990723354271227e-01
   8.6028301243282745e-01  -2.7281767949267760e-01  -4.3067813071449351e-01
   8.9775978026089220e-01  -1.7348402424546613e-01  -4.0488352680433037e-01
   9.2238928208328019e-01  -6.1832573328852745e-02  -3.8128040229393245e-01
   9.2017952848280882e-01   5.6077383882519420e-02  -3.8745962677167839e-01
   8.8248905736153982e-01   1.6206006451689695e-01  -4.4153097187617563e-01
   8.4382094865017554e-01   2.6828391363620235e-01  -4.6474718751506261e-01
   8.0885411811755981e-01   3.7118757797171020e-01  -4.5604253920414073e-01
   7.6865393386715863e-01   4.6910728406722513e-01  -4.3486720500126635e-01
   7.1078840897639595e-01   5.6095939350070778e-01  -4.2438708334269748e-01
   6.4212982931737250e-01   6.4528127393926360e-01  -4.1386152249775893e-01
   5.5503079118485210e-01   7.2101837385776968e-01  -4.1481721926194742e-01
   4.5473848516741094e-01   7.7974002089031691e-01  -4.3037008484514433e-01
   3.6131578042588280e-01   8.2561046867714483e-01  -4.3338004202540353e-01
   2.4902387971378173e-01   8.6375787734049181e-01  -4.3807469301997337e-01
   9.2802495452326439e-02   9.0017425915304672e-01  -4.2552790742333735e-01
  -5.8660556899229312e-02   9.0855467305545423e-01  -4.1362706044620540e-01
  -1.6865745450681444e-01   8.9931499063822329e-01  -4.0346897111507118e-01
  -2.6954853302840898e-01   8.7242778141621069e-01  -4.0769272075353674e-01
  -3.6991168190763402e-01   8.3710835979484122e-01  -4.0300737158252603e-01
  -4.7135120874588560e-01   7.8203238049977819e-01  -4.0774182255888691e-01
  -5.6666332185046597e-01   7.1186021902700070e-01  -4.1490686694272216e-01
  -6.5084043759902477e-01   6.3571378506348020e-01  -4.1505988515655579e-01
  -7.1385480281409963e-01   5.4881500490785196e-01  -4.3498667897676740e-01
  -7.8257814182873042e-01   4.4859393272958709e-01  -4.3166530489500105e-01
  -8.4271476539848955e-01   3.3807419537595201e-01  -4.1897215014875533e-01
  -8.7823749347405911e-01   2.0602595523604494e-01  -4.3156947392682588e-01
  -8.9637973233067514e-01   9.3713934098204471e-02  -4.3326790098347306e-01
  -9.4680413134731811e-01  -5.0863051194762129e-02  -3.1776545892656349e-01
  -9.3653187290522311e-01  -1.7360165153509771e-01  -3.0458253005863845e-01
  -9.0479116654716885e-01  -2.9808102256690083e-01  -3.0413919333700506e-01
  -8.7550238122367130e-01  -3.9844928592587897e-01  -2.7337473734205625e-01
  -8.2149486258441939e-01  -4.9517419081477720e-01  -2.8275203181999686e-01
  -7.4577787609228563e-01  -5.7951915851698221e-01  -3.2859230734003547e-01
  -6.5465276013744711e-01  -6.7782015276246788e-01  -3.3464847848673507e-01
  -5.5768460194875147e-01  -7.7609684027631576e-01  -2.9438338822423660e-01
  -4.5830213988602159e-01  -8.4114798316582440e-01  -2.8710489196800443e-01
  -3.5586431311476169e-01  -8.8964661261424549e-01  -2.8616340666716522e-01
  -2.5243480275620028e-01  -9.2506542606809050e-01  -2.8377918854436879e-01
  -1.4273287013973660e-01  -9.4339191275434398e-01  -2.9939777342420770e-01
  -2.9818628985032469e-02  -9.5221917669927125e-01  -3.0395639307574224e-01
   8.1606077636707602e-02  -9.4861837364942536e-01  -3.0571821873658556e-01
   1.9091810450053712e-01  -9.2951095416100860e-01  -3.1553076469436891e-01
   3.0009921398324318e-01  -8.9622816017475027e-01  -3.2667345572669620e-01
   4.0486357094875114e-01  -8.5277756181622455e-01  -3.2993320381768332e-01
   5.1031658462412688e-01  -7.9975723636453711e-01  -3.1617296902190173e-01
   6.1229297942191607e-01  -7.2833380962939398e-01  -3.0761529399782278e-01
   7.1368215927218115e-01  -6.2418118700394831e-01  -3.1789246818215000e-01
   7.9169425638627666e-01  -5.1445710932970035e-01  -3.2947547263052668e-01
   8.5269582461093518e-01  -4.1290904930736083e-01  -3.2002491729733906e-01
   8.9746570825913141e-01  -3.2153036477750496e-01  -3.0194954383966238e-01
   9.3076310210597235e-01  -2.1828619726157591e-01  -2.9331072916473361e-01
   9.5715077207041732e-01  -9.7083297062802248e-02  -2.7283187672341347e-01
   9.6143958723471756e-01   3.3886983189677186e-02  -2.7292048744687269e-01
   9.3615876837429512e-01   1.5890944470243287e-01  -3.1361528786123816e-01
   9.0172556247659219e-01   2.6225780455119296e-01  -3.4367405186929922e-01
   8.6763868199362748e-01   3.6672068174400863e-01  -3.3573659182396326e-01
   8.2781427574455457e-01   4.6518716306176983e-01  -3.1356726263444806e-01
   7.7264642212011747e-01   5.5795327481106438e-01  -3.0282940661796698e-01
   7.0754977503507321e-01   6.4365362502906120e-01  -2.9169046407924615e-01
   6.2976091113238386e-01   7.1941972612223293e-01  -2.9297858706042146e-01
   5.3317658063585427e-01   7.8774985002823483e-01  -3.0850106586842097e-01
   4.3400753241370921e-01   8.4695167001426597e-01  -3.0709987051154741e-01
   3.2707582137791119e-01   8.8877482146796505e-01  -3.2109301424128095e-01
   1.9877169849387541e-01   9.1544191515671114e-01  -3.4993701126355986e-01
   5.1380969896162178e-02   9.4215385069890845e-01  -3.3121913825403959e-01
  -5.4351398308406129e-02   9.5539262524078550e-01  -2.9029443180578074e-01
  -1.6374098315866187e-01   9.4629238986806619e-01  -2.7878235832279397e-01
  -2.7014659471135755e-01   9.2219630935074381e-01  -2.7672149245355832e-01
  -3.6924140935102084e-01   8.8689079753265787e-01  -2.7764274683909529e-01
  -4.7085217260428514e-01   8.3199436859581555e-01  -2.9340007187912343e-01
  -5.7381857249642809e-01   7.6101677654588240e-01  -3.0263131310866698e-01
  -6.6714170776552562e-01   6.8393355524224453e-01  -2.9522336251286380e-01
  -7.4003075579062705e-01   6.0335042155888874e-01  -2.9719143542280052e-01
  -7.9280388279254155e-01   5.1583366023548571e-01  -3.2461922062184084e-01
  -8.5668291279277231e-01   4.0594129043469729e-01  -3.1828612230052394e-01
  -9.0445498653216128e-01   2.7848196806034037e-01  -3.2312377009800358e-01
  -9.3467767288390480e-01   1.6764240190905735e-01  -3.1348632010741762e-01
  -9.4882890588283231e-01   5.5560197260022870e-02  -3.1086455546043629e-01
  -9.8329236235708073e-01   1.8952778207443908e-03  -1.8202345467607606e-01
  -9.7477937866097064e-01  -1.0523208919022027e-01  -1.9680287178289227e-01
  -9.5223671898475515e-01  -2.3320113326785175e-01  -1.9713564482289339e-01
  -9.2835002059427685e-01  -3.3571731901953961e-01  -1.5956227929225200e-01
  -8.8282404078771104e-01  -4.4488511988419799e-01  -1.5066168428927310e-01
  -8.1471085002509835e-01  -5.5186890695508461e-01  -1.7800825932405959e-01
  -7.3647202747049578e-01  -6.3594313224399923e-01  -2.3061935154099372e-01
  -6.4646514238783725e-01  -7.2958048300493616e-01  -2.2314824331765964e-01
  -5.5849144366757730e-01  -8.1154233519231955e-01  -1.7171588610464120e-01
  -4.5936114936930605e-01  -8.7275940119401196e-01  -1.6516162410675059e-01
  -3.5683520579896061e-01  -9.2101681437685068e-01  -1.5619431339690651e-01
  -2.5548746522575261e-01  -9.5486135786553950e-01  -1.5154518259482219e-01
  -1.4986459954503376e-01  -9.7342951184274651e-01  -1.7313459295241643e-01
  -3.5598329083850293e-02  -9.8281671185766428e-01  -1.8111893843473886e-01
   8.3376718486772888e-02  -9.7962361019032818e-01  -1.8271810302223884e-01
   2.0143085111184614e-01  -9.6016642752643344e-01  -1.9366477137436117e-01
   3.1570235535218866e-01  -9.2591365278231019e-01  -2.0740282162111487e-01
   4.2760602173044565e-01  -8.7922196951175902e-01  -2.1005194240407557e-01
   5.3066983366484033e-01  -8.2438437628741745e-01  -1.9692619879370130e-01
   6.2440403840197312e-01  -7.5715776501431276e-01  -1.9191590790197152e-01
   7.0832314951150177e-01  -6.7245792416419292e-01  -2.1465939554301197e-01
   7.9222491689592567e-01  -5.6796038047619968e-01  -2.2316067587855662e-01
   8.6014412599041468e-01  -4.6799432059028601e-01  -2.0281370372689850e-01
   9.0901934978352528e-01  -3.8263403286884029e-01  -1.6515150199033621e-01
   9.4384612841677040e-01  -2.8137502139365711e-01  -1.7315479551081550e-01
   9.7155491461124188e-01  -1.6125563267669668e-01  -1.7342914641080656e-01
   9.8588239196914429e-01  -2.3821204981038444e-02  -1.6573611374244840e-01
   9.7718828119596657e-01   1.1163146230685141e-01  -1.8066953178803158e-01
   9.5369808446334148e-01   2.2043753675892133e-01  -2.0461489701048713e-01
   9.1916183251915762e-01   3.2789071747831333e-01  -2.1824115796884144e-01
   8.8185420338622311e-01   4.3037149791196455e-01  -1.9264874189846595e-01
   8.2982188517751088e-01   5.2851796018321040e-01  -1.7906536416688865e-01
   7.6673139968210413e-01   6.1981210450790858e-01  -1.6720022681503435e-01
   6.9723424047773785e-01   6.9978196013502147e-01  -1.5546582317351701e-01
   6.1259453350298054e-01   7.6983772208591905e-01  -1.7910281733079714e-01
   5.1371748429009145e-01   8.3628515688717953e-01  -1.9162850180713017e-01
   4.0155347172794909e-01   8.9522184577017871e-01  -1.9321660435652435e-01
   2.8022825579871596e-01   9.3301638274039433e-01  -2.2572672458093943e-01
   1.5892681146878290e-01   9.5532237905480644e-01  -2.4920156635428836e-01
   5.9532508266951660e-02   9.7829372757672239e-01  -1.9848743799920232e-01
  -4.8848783087934826e-02   9.8537202517841016e-01  -1.6326594374402295e-01
  -1.6462243980839322e-01   9.7431440079440268e-01  -1.5365838967064599e-01
  -2.7582748460989254e-01   9.5005203524924020e-01  -1.4601482476980199e-01
  -3.8101228669018694e-01   9.1270343066445336e-01  -1.4765529128497970e-01
  -4.8039534987689853e-01   8.5951889471236087e-01  -1.7449234209298081e-01
  -5.7988472439763727e-01   7.9231011020316966e-01  -1.8967971868420061e-01
  -6.7398669131994271e-01   7.1716406248231512e-01  -1.7725023951311972e-01
  -7.5262464401035667e-01   6.3937874992721955e-01  -1.5732437627332230e-01
  -8.1039262730941186e-01   5.5687443463542896e-01  -1.8208419385553520e-01
  -8.6112697943056504e-01   4.6091153310741456e-01  -2.1452478631935284e-01
  -9.1634576817489666e-01   3.3612758143861649e-01  -2.1755156203572690e-01
  -9.5509519172509982e-01   2.2677357559975214e-01  -1.9070112782387583e-01
  -9.7496495816629924e-01   1.1644021939605026e-01  -1.8943338051881489e-01
  -9.9657199046009848e-01  -6.3039756108072317e-02  -5.3574779329754650e-02
  -9.8191096689846180e-01  -1.6950539986112106e-01  -8.4372818504832373e-02
  -9.6098997129093056e-01  -2.7265408087233345e-01  -4.6454572023854716e-02
  -9.2275025884604212e-01  -3.8389218832954969e-01  -3.4040381007150032e-02
  -8.6144210886494799e-01  -5.0502476908721927e-01  -5.3548815885245980e-02
  -7.8622870170982073e-01  -6.1221559932791847e-01  -8.3883780000949204e-02
  -7.1050580198751878e-01  -6.9363839405705841e-01  -1.1852123705065523e-01
  -6.3286116823583605e-01  -7.6996116882307941e-01  -8.1526316265180185e-02
  -5.3728928541288679e-01  -8.4220521436523021e-01  -4.4839722083507193e-02
  -4.3460647261092478e-01  -8.9980687438037654e-01  -3.8272742030154044e-02
  -3.2747288648154127e-01  -9.4461507555161250e-01  -2.1537587145942512e-02
  -2.2225744826188101e-01  -9.7482665059153029e-01  -1.7737756019739644e-02
  -1.2027398476816142e-01  -9.9151103432170073e-01  -4.9396734773658281e-02
  -1.8290482562705363e-04  -9.9792540180348910e-01  -6.4380579223626055e-02
   1.3115754987870354e-01  -9.8871441670367022e-01  -7.2398199647066661e-02
   2.6127667001185961e-01  -9.6142286439269686e-01  -8.6026609432523951e-02
   3.8303461674865130e-01  -9.1877068620372082e-01  -9.5629015183455526e-02
   4.9168942643836300e-01  -8.6711445097490958e-01  -7.9712212610080435e-02
   5.8568731964538046e-01  -8.0808655158131226e-01  -6.2980066370503796e-02
   6.7231747255172591e-01  -7.3657129922924447e-01  -7.3837234871045612e-02
   7.4984938413238866e-01  -6.5342908823110368e-01  -1.0371271749282258e-01
   8.2004373237425254e-01  -5.6303435109949851e-01  -1.0256995893375334e-01
   8.7770011709539353e-01  -4.7541110970703443e-01  -6.0222763286473184e-02
   9.2234170103731483e-01  -3.8577689442274932e-01  -2.1493586418546064e-02
   9.5810449111566043e-01  -2.8197540474926625e-01  -5.0255897370247597e-02
   9.8466000740158444e-01  -1.6371993286787562e-01  -6.0336169961724688e-02
   9.9743386487602737e-01  -4.0076194004446113e-02  -5.9326080880072157e-02
   9.9403538010374815e-01   8.8955363165527560e-02  -6.3092047566123410e-02
   9.7796163274500769e-01   2.0003945346815968e-01  -5.9793494084879502e-02
   9.4895727670147245e-01   3.0128539643396285e-01  -9.3312361940714211e-02
   9.0824010041629499e-01   4.1196647712214773e-01  -7.3372622437564317e-02
   8.5131697167874920e-01   5.2163777268607203e-01  -5.6155568190854509e-02
   7.8525854882802837e-01   6.1799169581347391e-01  -3.8148072010071837e-02
   7.1338123362901307e-01   7.0052149418158105e-01  -1.8890518668175975e-02
   6.3284819805366144e-01   7.7284059690135387e-01  -4.7122924372250921e-02
   5.3684544640703402e-01   8.4041190489758777e-01  -7.4194317696438736e-02
   4.2588883373133868e-01   9.0103714843484051e-01  -8.2162999235491391e-02
   3.0652526019829252e-01   9.4623619126958869e-01  -1.0334086893379281e-01
   1.9645493808819356e-01   9.7298781206502327e-01  -1.2124427769459016e-01
   9.8940290007143356e-02   9.9211131118398299e-01  -7.6980291205610091e-02
  -1.7434382957212301e-02   9.9872008920994071e-01  -4.7478686790911065e-02
  -1.4463013941841529e-01   9.8883724705180109e-01  -3.5819291098859937e-02
  -2.6892646860318037e-01   9.6285098277865133e-01  -2.4424157033722679e-02
  -3.8532899525656916e-01   9.2251764718337348e-01  -2.1971710215995036e-02
  -4.8859956720859610e-01   8.7120379642041657e-01  -4.7690754095796511e-02
  -5.8306446120829081e-01   8.0963119350351265e-01  -6.7328779745091938e-02
  -6.7183259491886216e-01   7.3867543092563093e-01  -5.4768349905958198e-02
  -7.5151025023744022e-01   6.5919854989803328e-01  -2.6260533132254595e-02
  -8.1762328116597038e-01   5.7490051325009817e-01  -3.1330016919340634e-02
  -8.6819611875462166e-01   4.9018456740037475e-01  -7.7165985135409551e-02
  -9.1413641247128852e-01   3.9019570315178742e-01  -1.1000878435836085e-01
  -9.5625207662928424e-01   2.8236136034434101e-01  -7.6511620860327936e-02
  -9.8362391008060790e-01   1.6974070259828505e-01  -6.0597833287807372e-02
  -9.9649838795150891e-01   5.4976928683041326e-02  -6.2996032594313883e-02
