   0.0000000000000000e+00   0.0000000000000000e+00   1.0000000000000000e+00
   1.1136231690747726e-01   0.0000000000000000e+00   9.9377987219152242e-01
   7.6575728318956759e-02   1.0833944304618245e-01   9.9116029123087068e-01
  -3.0196558728315958e-02   1.1521542911283310e-01   9.9288144948695312e-01
  -1.1546144512476657e-01   4.3159758827761692e-02   9.9237386599387534e-01
  -9.1189021431036854e-02  -7.1560220696197940e-02   9.9325912892072699e-01
   2.7877230630855364e-02  -1.0676438776943653e-01   9.9389346789108712e-01
   1.3975590654187633e-01  -1.1136570773059028e-01   9.8390343313168849e-01
   2.2032331876167061e-01  -1.8680702448186995e-02   9.7524800259517863e-01
   1.9346716227140853e-01   9.4575121015513366e-02   9.7653776353377619e-01
   1.3305137353973470e-01   2.0172040589791096e-01   9.7036395741163639e-01
   2.3692511289531801e-02   2.2783841260840745e-01   9.7341066495538076e-01
  -8.8988193755461076e-02   2.0663203962468724e-01   9.7436353666005082e-01
  -1.7438789781282951e-01   1.3812244599771539e-01   9.7494156286827283e-01
  -2.0963006467821049e-01   8.7386411348278721e-04   9.7778038042523663e-01
  -1.9613980148626442e-01  -1.1098701339614483e-01   9.7427463331974973e-01
  -8.9293648520188396e-02  -1.7766471282637658e-01   9.8003157813933439e-01
   2.0678744191329666e-02  -2.1020170670523031e-01   9.7743932396690381e-01
   1.2954771694087344e-01  -2.2283987488993284e-01   9.6620897283892293e-01
   2.3495329428684816e-01  -1.5446625735077335e-01   9.5965469041932083e-01
   3.1137019856639314e-01  -7.1916309524193242e-02   9.4756353025490869e-01
   3.0846464763803044e-01   5.4454364041176651e-02   9.4967588333831909e-01
   2.6209363750724729e-01   1.6869528853643492e-01   9.5018357426543032e-01
   2.1467548882950843e-01   2.7109675761206836e-01   9.3830750956604581e-01
   1.0499322449757213e-01   3.1644448890684396e-01   9.4278274711096022e-01
  -1.5104097525574589e-02   3.2362036160693097e-01   9.4606644998717571e-01
  -1.2791374265708802e-01   3.0539999674868068e-01   9.4359361826231214e-01
  -2.1830022983021352e-01   2.4360308619590645e-01   9.4498811952950268e-01
  -2.7051692332821864e-01   1.1831101724112582e-01   9.5541776066410067e-01
  -3.0898914817580392e-01   8.0271891802031568e-03   9.5103168745497446e-01
  -3.0506375420019055e-01  -1.0647278104344782e-01   9.4636126969047063e-01
  -2.2242404639134261e-01  -2.1151648478745891e-01   9.5172912125775500e-01
  -1.2285153637372871e-01  -2.7185813470471687e-01   9.5446354283727697e-01
  -1.5429968074586421e-02  -3.1028208146102026e-01   9.5051930333341150e-01
   8.6878438556594384e-02  -3.3200231776647604e-01   9.3926918288191263e-01
   1.9938139776239511e-01  -2.9613663865113549e-01   9.3410392862610336e-01
   2.9283851913535847e-01  -2.3359051079801721e-01   9.2718988075567976e-01
   3.7582583163874544e-01  -1.5138412184365371e-01   9.1424164854083911e-01
   4.0242751254584230e-01  -9.9592452043138404e-03   9.1539767892491741e-01
   3.8557626446065041e-01   1.1552606837409075e-01   9.1541502708366951e-01
   3.4722987548332401e-01   2.2244516766143296e-01   9.1101567547211415e-01
   2.9776868157649111e-01   3.2534388986045765e-01   8.9748825374077434e-01
   1.9023819398227848e-01   3.8666245536318966e-01   9.0238659961397383e-01
   7.7071379574354462e-02   4.1673072908818404e-01   9.0575686687109158e-01
  -3.5441936238456546e-02   4.2036959614562619e-01   9.0666050525653330e-01
  -1.4775757340851048e-01   4.0187794506062824e-01   9.0369343074644259e-01
  -2.5095767048160605e-01   3.5029623657423875e-01   9.0239281594456999e-01
  -3.1624661768624462e-01   2.4073815788284283e-01   9.1762367893444519e-01
  -3.6712042089808666e-01   1.3624183529053713e-01   9.2014170586724187e-01
  -4.1000418329203614e-01   3.2241445014783682e-02   9.1151360873351150e-01
  -4.0674806033833927e-01  -7.7082082356529066e-02   9.1028257590188988e-01
  -3.4339785563472036e-01  -2.0092832912452982e-01   9.1744521324202266e-01
  -2.6218230784178970e-01  -2.9895243712176806e-01   9.1754448273296718e-01
  -1.6080389041636248e-01  -3.6275295082013315e-01   9.1790653418430823e-01
  -5.4847447863450839e-02  -4.0416973852436633e-01   9.1303810431110233e-01
   4.7404971448972127e-02  -4.3808836036003906e-01   8.9768109994528389e-01
   1.5559573135887206e-01  -4.1442311932114861e-01   8.9668469740206158e-01
   2.6488068347767968e-01  -3.7059148446875767e-01   8.9022478911769232e-01
   3.6043278740930895e-01  -3.0042874411255721e-01   8.8308027691218849e-01
   4.4165790933842436e-01  -2.1590122873896031e-01   8.7081855202322100e-01
   4.6654632589012474e-01  -8.6376382223019382e-02   8.8026907613097960e-01
   4.8658750932339012e-01   4.7772402145314904e-02   8.7232470638158932e-01
   4.7149377086575667e-01   1.6157373462026917e-01   8.6694149301763623e-01
   4.2580167133247809e-01   2.7074571070871062e-01   8.6335954087697642e-01
   3.7488858357775656e-01   3.7886591782054274e-01   8.4612006607635837e-01
   2.7506508957698655e-01   4.4070661866633903e-01   8.5446876640383196e-01
   1.6984358700040608e-01   4.9250179686870177e-01   8.5357784415713112e-01
   6.0020342009902729e-02   5.1393089374539913e-01   8.5572927669857690e-01
  -5.4626213078118768e-02   5.1352874959718109e-01   8.5633182831300836e-01
  -1.6489051729019799e-01   4.9508158206230057e-01   8.5305647199377166e-01
  -2.6948598684199970e-01   4.4456961797654648e-01   8.5424537322011940e-01
  -3.5560411527269531e-01   3.4883166214155659e-01   8.6709987007765288e-01
  -4.1766873743710714e-01   2.4739961352617049e-01   8.7426898434909284e-01
  -4.6909933228749751e-01   1.4425298448829177e-01   8.7128462221804681e-01
  -5.0753507391326536e-01   3.8102248008019216e-02   8.6078822450390879e-01
  -5.0496469730959470e-01  -7.5621653826706742e-02   8.5982092318316095e-01
  -4.4764016393766232e-01  -1.8052604528522181e-01   8.7580170735363427e-01
  -3.8473737447439016e-01  -2.9099685040961870e-01   8.7595547017769959e-01
  -3.0659185972442765e-01  -3.8104780636659152e-01   8.7224079290865864e-01
  -2.0725363970764279e-01  -4.4080668224517472e-01   8.7334723776739343e-01
  -9.6080376801792350e-02  -4.9011856437128154e-01   8.6634424685125000e-01
   5.2519253723185486e-03  -5.3095938390488751e-01   8.4738099454922033e-01
   1.2475629856008894e-01  -5.1854390853600241e-01   8.4590075120535968e-01
   2.4311995994349517e-01  -4.7306736653321441e-01   8.4681754339314597e-01
   3.6028510142749426e-01  -4.0852627463149577e-01   8.3863038856524386e-01
   4.5634152332797084e-01  -3.2876281462781498e-01   8.2684183844596537e-01
   5.3292169079812923e-01  -2.3436025617883496e-01   8.1306195446635798e-01
   5.4518820052412886e-01  -1.2971876781551481e-01   8.2821667894681217e-01
   5.6075483576861174e-01  -1.3220519820557062e-02   8.2787633860244580e-01
   5.6942422591579012e-01   1.1310520281952395e-01   8.1422556090763787e-01
   5.3340285929419951e-01   2.3452145767301127e-01   8.1269986808642858e-01
   4.8127897851517087e-01   3.4716685529366886e-01   8.0488863790272158e-01
   4.2122238696191167e-01   4.5691496528250564e-01   7.8345415642716210e-01
   3.3087000190833049e-01   5.1089660509580459e-01   7.9341647370013868e-01
   2.2967189005509855e-01   5.6044397392076450e-01   7.9570935335360993e-01
   1.1058038914242217e-01   5.9452261010239749e-01   7.9643885114561253e-01
  -1.0575342092795974e-02   6.0112828447245381e-01   7.9908256628888163e-01
  -1.2675757667485110e-01   5.9450591767543570e-01   7.9403729799324130e-01
  -2.3805290190633066e-01   5.5893025410827235e-01   7.9430962913490921e-01
  -3.3764632539405709e-01   5.0094157789690386e-01   7.9690180981225700e-01
  -4.0834589387037895e-01   4.1688072549937183e-01   8.1207394470350958e-01
  -4.7653373576028951e-01   3.1814016887879576e-01   8.1957454305762445e-01
  -5.3392291662314806e-01   2.1265756006307343e-01   8.1835388509657059e-01
  -5.8082342342487925e-01   1.0732443388629789e-01   8.0692355071096367e-01
  -5.9537004070929189e-01  -1.4404022050045942e-02   8.0332249985581627e-01
  -5.7289809058783603e-01  -1.3819854924230199e-01   8.0789166277919633e-01
  -5.1244834615054358e-01  -2.3807986644024703e-01   8.2505434349706119e-01
  -4.5277605243428137e-01  -3.4215301846995660e-01   8.2336210642336849e-01
  -3.8441056602819368e-01  -4.3324029669630088e-01   8.1518793050706106e-01
  -2.9496801661990124e-01  -4.9627116767284590e-01   8.1652238016355172e-01
  -1.8522582146641600e-01  -5.4250688131328595e-01   8.1937639628550674e-01
  -8.4473863123880916e-02  -5.9528281128212091e-01   7.9906354005234315e-01
   4.7958996782253863e-02  -6.0985475915631293e-01   7.9106074821219341e-01
   1.7753487015522124e-01  -5.8091278208900599e-01   7.9436874906090038e-01
   2.9632480122239296e-01  -5.3233328630379806e-01   7.9297722821876027e-01
   4.0111825892882380e-01  -4.7295295095869927e-01   7.8448686957358771e-01
   5.0199664928001275e-01  -3.9154331960905575e-01   7.7116353193156162e-01
   5.8363154561906316e-01  -3.0774711460683907e-01   7.5144256760544814e-01
   6.3388768861959688e-01  -2.0682097790350529e-01   7.4525933829475943e-01
   6.3471631712955234e-01  -1.0198888671074589e-01   7.6598528951736411e-01
   6.4162149607781194e-01   1.7797344518048919e-02   7.6681491267383173e-01
   6.3521715032642900e-01   1.5272399614457632e-01   7.5708292341909433e-01
   5.9778458651899824e-01   2.7538866105017662e-01   7.5287095407201177e-01
   5.4694326964056206e-01   3.8712670285316075e-01   7.4228429576068222e-01
   4.9900847896782863e-01   4.8537467345636526e-01   7.1791501188186679e-01
   4.1639324844615283e-01   5.6641888592343004e-01   7.1118654958999383e-01
   3.2039667032887548e-01   6.0820370972691085e-01   7.2624666685403338e-01
   1.9757324667627871e-01   6.4691518519381574e-01   7.3652261021875320e-01
   6.8626262713220657e-02   6.7357680233678108e-01   7.3592440333214448e-01
  -4.9762117851112890e-02   6.7968694217268122e-01   7.3181240237298673e-01
  -1.6940555648398431e-01   6.6403929158313579e-01   7.2825378589206036e-01
  -2.8288260556563810e-01   6.2480627650226050e-01   7.2773247028820731e-01
  -3.8368667729056805e-01   5.7077520708504836e-01   7.2594779195665549e-01
  -4.6115831906896904e-01   4.9078450144062818e-01   7.3923174843830741e-01
  -5.2029677203251568e-01   4.0230910087302446e-01   7.5328524236658390e-01
  -5.7694648805022208e-01   3.0399201205988119e-01   7.5810395496284011e-01
  -6.3039848837951851e-01   2.0055351219562223e-01   7.4991735184273378e-01
  -6.6307016414470077e-01   7.7641492112850666e-02   7.4451981580318582e-01
  -6.6681521011033884e-01  -5.0648242684170904e-02   7.4349998727539324e-01
  -6.4121694181346012e-01  -1.7222225607310146e-01   7.4778361044120567e-01
  -5.7798749706191754e-01  -2.8411592860842022e-01   7.6498927597128763e-01
  -5.2048986308632883e-01  -3.8906279303832447e-01   7.6007923632841901e-01
  -4.5529996322196542e-01  -4.8260265263264146e-01   7.4819557814919957e-01
  -3.7634441596605933e-01  -5.5288366876301787e-01   7.4342755490115586e-01
  -2.7191474521434933e-01  -5.9278537878337423e-01   7.5806851012007292e-01
  -1.6775058602536685e-01  -6.4547113860036243e-01   7.4513539046410737e-01
  -3.8283072707573716e-02  -6.7300471308024412e-01   7.3864677790933664e-01
   9.2811399324106661e-02  -6.7620189084645455e-01   7.3084680130050572e-01
   2.0446167558954348e-01  -6.5337776287700011e-01   7.2889843064240634e-01
   3.0906226531813241e-01  -6.1147032288335534e-01   7.2841235601089949e-01
   4.0936168093835656e-01  -5.6479696234431120e-01   7.1653848850285917e-01
   4.9621509963691857e-01  -4.8975493551464527e-01   7.1687563637730689e-01
   5.8826850421193777e-01  -4.1614835153455476e-01   6.9336910550393127e-01
   6.6168974895376365e-01  -3.2471300401639008e-01   6.7581664758435567e-01
   7.0935175320981181e-01  -2.0965774767422318e-01   6.7295149829563361e-01
   7.1099507166614706e-01  -8.5653010694931975e-02   6.9796100881449274e-01
   7.0783794663715716e-01   4.6827945227041916e-02   7.0482095942608458e-01
   7.0165031426251945e-01   1.7737844026551008e-01   6.9008965028051428e-01
   6.6883690095329895e-01   2.9002879283095495e-01   6.8450018206878960e-01
   6.2569825795350986e-01   3.9555910834868269e-01   6.7233524509454212e-01
   5.8822682884899402e-01   4.9229543092482897e-01   6.4158741143572418e-01
   5.1379529868883789e-01   5.7415839509310329e-01   6.3746100146546991e-01
   4.1764732268777804e-01   6.4764913285246839e-01   6.3727648204462772e-01
   2.8749641230218587e-01   6.8717380699519170e-01   6.6718660949775255e-01
   1.6206514685383819e-01   7.2357865079541894e-01   6.7094621564498369e-01
   5.0062483210648240e-02   7.4996400392654250e-01   6.5958148896800650e-01
  -6.2895197141611653e-02   7.5044105310626197e-01   6.5793800619000753e-01
  -1.7765130959714334e-01   7.3433544051613109e-01   6.5512706630118678e-01
  -2.9025090928849295e-01   6.9735281274290317e-01   6.5532699030084540e-01
  -4.0045579121249086e-01   6.4451414449256195e-01   6.5133453526847396e-01
  -4.9459274629601890e-01   5.6740947034060096e-01   6.5834983730472707e-01
  -5.6628815751846528e-01   4.8348527086613408e-01   6.6750259588247507e-01
  -6.1829999610962805e-01   3.9437024200928744e-01   6.7983617661049045e-01
  -6.6717365136184414e-01   2.9898920495712228e-01   6.8226444597942559e-01
  -7.0844593584387705e-01   1.8572608422048542e-01   6.8088925503815845e-01
  -7.3287368448585066e-01   6.3748010963162696e-02   6.7737165107965236e-01
  -7.3386177644506401e-01  -6.2695229943606406e-02   6.7639943910030942e-01
  -7.0894965579767522e-01  -1.8873991584848676e-01   6.7953486276265762e-01
  -6.4959288680095417e-01  -2.9800672537472811e-01   6.9944340232004065e-01
  -5.9350264868504066e-01  -4.0978446445302941e-01   6.9269856264957352e-01
  -5.3227902904099844e-01  -5.0955090261877434e-01   6.7604505240669011e-01
  -4.6321883100977407e-01  -5.9146482615697127e-01   6.5999823788934642e-01
  -3.6484621658679806e-01  -6.4091716105556895e-01   6.7536096341643048e-01
  -2.5749249056415036e-01  -6.8158435531423966e-01   6.8493823363420381e-01
  -1.3317795112816030e-01  -7.2483982695397853e-01   6.7592222821463099e-01
  -1.5509202278610077e-02  -7.4435073371210758e-01   6.6760875508558770e-01
   9.5781572917123539e-02  -7.4904581388980085e-01   6.5555797530324322e-01
   2.0729760623035454e-01  -7.3211011857470931e-01   6.4887785964054123e-01
   3.0850381361694790e-01  -6.9459815617763254e-01   6.4989137432222677e-01
   4.1062202977430429e-01  -6.4716993110490151e-01   6.4230882676303569e-01
   5.0864861576797915e-01  -5.7630444809475423e-01   6.3964816015018711e-01
   5.9146155473017248e-01  -5.0374264561229976e-01   6.2961621347269026e-01
   6.7624473808438101e-01  -4.1579058850491057e-01   6.0812107406660976e-01
   7.3973450999860135e-01  -2.9796649041640277e-01   6.0333143901678210e-01
   7.7491617771781462e-01  -1.6459985824203341e-01   6.1025552367669289e-01
   7.7048822931303984e-01  -4.1340288854207062e-02   6.3611230848609379e-01
   7.6757772114535106e-01   9.0660932903741595e-02   6.3451165256938591e-01
   7.6234875598024154e-01   2.1654355982265283e-01   6.0986331333726851e-01
   7.3156044560389888e-01   3.2276536904494496e-01   6.0053462096127763e-01
   6.9207987187896236e-01   4.2111505027347618e-01   5.8624872313137422e-01
   6.4514177520711224e-01   5.2557425677246461e-01   5.5458434029522252e-01
   5.6602979321733426e-01   6.1141241829911785e-01   5.5297841543767912e-01
   4.7605161801309753e-01   6.8147598625597428e-01   5.5584650502054878e-01
   3.5356484106925434e-01   7.2411947787851494e-01   5.9215106595920264e-01
   2.3231976381360317e-01   7.6689458603830207e-01   5.9824762535820630e-01
   1.2058096364332742e-01   8.0411074977451213e-01   5.8212209484258404e-01
   9.3301821508138851e-03   8.2017128246740134e-01   5.7204196971621823e-01
  -1.0050090293841993e-01   8.1325146856879404e-01   5.7316805334845911e-01
  -2.1266475745438534e-01   7.9162023282999561e-01   5.7280983573176458e-01
  -3.2278518938566203e-01   7.5104874351434014e-01   5.7596484821453586e-01
  -4.2904033155603644e-01   6.9740710607049883e-01   5.7406247247199338e-01
  -5.2683579920761092e-01   6.2135464769652071e-01   5.7996762190592199e-01
  -6.1253968690550931e-01   5.3811317736672737e-01   5.7898993109551189e-01
  -6.7257229796901608e-01   4.5239560524498468e-01   5.8564897366912638e-01
  -7.1795457954344466e-01   3.5766630207552186e-01   5.9717337354592193e-01
  -7.5638511760055838e-01   2.5070697240728546e-01   6.0417511357119147e-01
  -7.8580479474391229e-01   1.3550502544250254e-01   6.0344777125887594e-01
  -7.9646983226924495e-01   7.7869683490023236e-03   6.0462812489077322e-01
  -7.8417982670010700e-01  -1.2724810566437167e-01   6.0734662179139443e-01
  -7.5504866121923664e-01  -2.4859129419673781e-01   6.0671565633386237e-01
  -6.9944466360809321e-01  -3.4541069663173318e-01   6.2567452657315537e-01
  -6.4658792367806717e-01  -4.5028396181229041e-01   6.1576652287073363e-01
  -5.8687340593204274e-01  -5.5023839161286203e-01   5.9398427403847520e-01
  -5.1070549370972596e-01  -6.3910608897701715e-01   5.7508547688774592e-01
  -4.1078175556935015e-01  -6.9607934424367579e-01   5.8883944824430468e-01
  -3.0336340561892006e-01  -7.3549293177445596e-01   6.0582240916056085e-01
  -1.9114246194223239e-01  -7.7001894584865882e-01   6.0871617546832313e-01
  -7.2191388031150938e-02  -8.0439249075384778e-01   5.8969578963475455e-01
   3.6725075143171942e-02  -8.1696549411813202e-01   5.7551598611684507e-01
   1.5410475656627667e-01  -8.0705313968694314e-01   5.7001487149467955e-01
   2.7241933003519331e-01  -7.7977100417435963e-01   5.6368864603794100e-01
   3.8503799318126197e-01  -7.2824668692179606e-01   5.6692372220112119e-01
   5.0137654153408528e-01  -6.5521562324165772e-01   5.6507880039810898e-01
   6.0047311483056376e-01  -5.8299786473284498e-01   5.4730752606064537e-01
   6.7772031764157137e-01  -5.0178590797272260e-01   5.3749983592164741e-01
   7.4895628350173127e-01  -3.9813206810451768e-01   5.2967475090860605e-01
   8.0132256649601141e-01  -2.8836302255353069e-01   5.2414588775267257e-01
   8.2943284709089105e-01  -1.8117567600083476e-01   5.2840943083213321e-01
   8.3337070853085615e-01  -6.2141509876774491e-02   5.4921006446806264e-01
   8.2700855974947796e-01   4.7369391814710136e-02   5.6019013095573056e-01
   8.2407457835430964e-01   1.6310706592610277e-01   5.4249163528587674e-01
   8.1008417703469227e-01   2.8177581049712147e-01   5.1416536127661860e-01
   7.7451925059717919e-01   3.8479528516956463e-01   5.0204832333716387e-01
   7.2330210332038714e-01   4.8694882382936783e-01   4.8960689364376736e-01
   6.4604974172797414e-01   6.0308398443187328e-01   4.6787758969092968e-01
   5.5869387165977225e-01   6.8834138212096962e-01   4.6265246074089716e-01
   4.5574931364131949e-01   7.5077453974224950e-01   4.7815285588426587e-01
   3.6030134852045903e-01   7.8237849251324532e-01   5.0800278808982968e-01
   2.5389586232454819e-01   8.1824980390804614e-01   5.1575590108007308e-01
   1.4008991457876194e-01   8.5655001649513651e-01   4.9668590182880840e-01
   2.2198235230233294e-02   8.7576651112605031e-01   4.8222428012571983e-01
  -9.7325642745920982e-02   8.7020582385152268e-01   4.8297985817111067e-01
  -2.1542703128234683e-01   8.4704242164726773e-01   4.8591185427277561e-01
  -3.3035386647710879e-01   8.0731825532970547e-01   4.8898216482303836e-01
  -4.3262877836846997e-01   7.6090881307219005e-01   4.8358051895881432e-01
  -5.2446672242743964e-01   6.9306284579447330e-01   4.9456905366741777e-01
  -6.1446969046342426e-01   6.1427697503280365e-01   4.9506645760577628e-01
  -6.9508394501781245e-01   5.3075723599004121e-01   4.8492789755043630e-01
  -7.5009890285487535e-01   4.3622991713301534e-01   4.9704637141220021e-01
  -7.9187737862196450e-01   3.2951869931266131e-01   5.1414749248644376e-01
  -8.2623047332109145e-01   2.1597571836198484e-01   5.2028616552204199e-01
  -8.4506144354099411e-01   9.0195789526589049e-02   5.2700652386103020e-01
  -8.4507110227400661e-01  -4.3549041976947048e-02   5.3287739025434888e-01
  -8.3550833608563502e-01  -1.6379302313661706e-01   5.2449753660353948e-01
  -8.1034702950069315e-01  -2.7245913521187853e-01   5.1875207124309208e-01
  -7.5762629645496349e-01  -3.7175705749788268e-01   5.3646909055457404e-01
  -7.0709409827288616e-01  -4.6686295871503286e-01   5.3109030679113267e-01
  -6.4637401804980787e-01  -5.6386787744944189e-01   5.1405607239950757e-01
  -5.7047835048461404e-01  -6.5600022840944650e-01   4.9418432993682432e-01
  -4.6130753089426668e-01  -7.3295658524740348e-01   4.9997000518301199e-01
  -3.5377642585657282e-01  -7.8164271032456245e-01   5.1368951118805328e-01
  -2.4892519235783866e-01  -8.1584677710194020e-01   5.2194854622078424e-01
  -1.3959085187689382e-01  -8.4398868331317201e-01   5.1787787799015050e-01
  -2.4715365452342767e-02  -8.7098060940822508e-01   4.9069535227616923e-01
   9.7702973675125634e-02  -8.6651940361521296e-01   4.8948774457934419e-01
   2.2553528722866203e-01  -8.4412303793277388e-01   4.8640531560194711e-01
   3.5311605164679127e-01  -7.9809427652892295e-01   4.8821571035880823e-01
   4.7295205851634770e-01  -7.2857692032445498e-01   4.9547151433324810e-01
   5.8358339596462416e-01  -6.5918260412839846e-01   4.7424541575949869e-01
   6.7809029806237264e-01  -5.8229284903953804e-01   4.4847361754187998e-01
   7.4738928717080888e-01  -4.9360447512992889e-01   4.4470650496031378e-01
   8.0548466835683796e-01  -3.9932518245777610e-01   4.3787423730694475e-01
   8.5301840053831324e-01  -2.9704717922631824e-01   4.2909507298120481e-01
   8.8247191728795971e-01  -1.8993258508569535e-01   4.3031259372783609e-01
   8.8574595340352780e-01  -8.1203606441125245e-02   4.5701212273880704e-01
   8.8748627586714801e-01   2.9570754226208737e-02   4.5988442096026000e-01
   8.7978225845272418e-01   1.3013193020063890e-01   4.5721861122889573e-01
   8.6457419407081626e-01   2.4587707512641005e-01   4.3824185887940953e-01
   8.3030759826636236e-01   3.7526114899667756e-01   4.1202956485528841e-01
   7.8071237517726899e-01   4.8074087790950526e-01   3.9921973341991157e-01
   7.1386259639571847e-01   5.7532088676405013e-01   3.9925689814978832e-01
   6.2516825953937094e-01   6.8302155116733543e-01   3.7768532921663833e-01
   5.2493528440450232e-01   7.6200979450498574e-01   3.7918863414616438e-01
   4.2618566045535888e-01   8.1903804350180487e-01   3.8411256959251577e-01
   3.3289762775928816e-01   8.4768064098623352e-01   4.1305774454597349e-01
   2.3220652329927538e-01   8.7754901907491356e-01   4.1950905789734733e-01
   1.1737299903897944e-01   9.0746696229297019e-01   4.0339470924067017e-01
  -1.1089377440698199e-02   9.1805250311421038e-01   3.9630370580365548e-01
  -1.4487319670435814e-01   9.0504745429948186e-01   3.9987605872656046e-01
  -2.7874312416617536e-01   8.7181013123360274e-01   4.0280189399818933e-01
  -3.9589041673601683e-01   8.3042209142855961e-01   3.9200756115666940e-01
  -4.9913854121100570e-01   7.7395256141027313e-01   3.8968981172751554e-01
  -5.8447315758313556e-01   7.0371228607794412e-01   4.0395562440415783e-01
  -6.7081384016879886e-01   6.2366959230359031e-01   4.0130416328996948e-01
  -7.5230650724578452e-01   5.2770562016852285e-01   3.9441310525666246e-01
  -8.1026666496368016e-01   4.1563760353196977e-01   4.1317467756245224e-01
  -8.5101083679726575e-01   3.0217871545167962e-01   4.2949805538743746e-01
  -8.8011648820012556e-01   1.7782831832015730e-01   4.4019547521720720e-01
  -8.9281364920691475e-01   5.0551730466750953e-02   4.4758050710084452e-01
  -8.9483194363340035e-01  -6.2324689525211946e-02   4.4203102349140255e-01
  -8.8500704009002584e-01  -1.7581303563364617e-01   4.3110592143042265e-01
  -8.6129935380646339e-01  -2.8577907236651279e-01   4.2011158628381590e-01
  -8.1315310427958032e-01  -3.8175856617646781e-01   4.3936593649413630e-01
  -7.6290233045242606e-01  -4.7875803717790361e-01   4.3447758978780299e-01
  -7.0590957142777133e-01  -5.6732638918063749e-01   4.2406655740098176e-01
  -6.3479919784882533e-01  -6.5464719392392245e-01   4.1044735338167559e-01
  -5.3239471438389363e-01  -7.3611586289911435e-01   4.1795849612657066e-01
  -4.2281811937045688e-01  -8.0458913684898603e-01   4.1696661592582396e-01
  -3.1656503857611812e-01  -8.4931560957240759e-01   4.2243291974933778e-01
  -2.0988766466442735e-01  -8.8002273301252754e-01   4.2603656838688692e-01
  -1.0544046393818443e-01  -9.0387920505624797e-01   4.1458978669449353e-01
   1.3615227081615220e-02  -9.1595319456128599e-01   4.0105407486334171e-01
   1.3669667832063506e-01  -9.0437957287162440e-01   4.0424201452674741e-01
   2.5652206900663727e-01  -8.7953676575999962e-01   4.0076365327832997e-01
   3.6420159540774161e-01  -8.4099322305204027e-01   4.0010948087116960e-01
   4.6647710604615633e-01  -7.8210908288738601e-01   4.1316400133585579e-01
   5.7197242606050591e-01  -7.1768634850883017e-01   3.9720756411543967e-01
   6.7136065943661516e-01  -6.4357363586386307e-01   3.6754297732619112e-01
   7.5711625821720063e-01  -5.5364075666259271e-01   3.4678074356177391e-01
   8.1877207602361102e-01  -4.6341441133190087e-01   3.3890908942354131e-01
   8.7019386045795033e-01  -3.5931864121412910e-01   3.3712424904969579e-01
   9.1174027077234432e-01  -2.4216809294956457e-01   3.3178953179559983e-01
   9.2950978865630096e-01  -1.1767161817726343e-01   3.4952101949333919e-01
   9.3286475255855117e-01  -8.5400800245208960e-03   3.6012556208501484e-01
   9.3349352480037107e-01   9.5256769481526712e-02   3.4571084308092259e-01
   9.1486951238877767e-01   1.9485801995845539e-01   3.5361579059678649e-01
   8.8250477556356344e-01   3.1811250110194761e-01   3.4639537778406904e-01
   8.4135433751138511e-01   4.4343190789545572e-01   3.0901621609710800e-01
   7.8602151017706279e-01   5.4273663271513073e-01   2.9598502166158830e-01
   7.1214631359535896e-01   6.3116371499117951e-01   3.0737597972365027e-01
   6.3581862054604610e-01   7.1781904309851885e-01   2.8367323302005387e-01
   5.3887298737462441e-01   7.9169519794497667e-01   2.8781003635872732e-01
   4.2856933794324242e-01   8.5749234027651955e-01   2.8466683850070851e-01
   3.2799079146961574e-01   8.9584337562146954e-01   2.9981108562937686e-01
   2.3423816068732550e-01   9.1959483490359717e-01   3.1540105214860092e-01
   1.2279810727964532e-01   9.4239325059913870e-01   3.1115203048305146e-01
   5.9394328835655008e-03   9.5219234771781991e-01   3.0544141186919604e-01
  -1.1314896507410051e-01   9.4311428402885333e-01   3.1262239037439948e-01
  -2.3875452997753421e-01   9.1648656118485006e-01   3.2101192747743018e-01
  -3.6264933637638375e-01   8.7967252419984532e-01   3.0767143025253568e-01
  -4.7614913715024310e-01   8.2891336498440504e-01   2.9357219306553778e-01
  -5.7564800122885629e-01   7.6162174520796710e-01   2.9759317180942374e-01
  -6.6174584769899336e-01   6.8239310947210852e-01   3.1053514647802360e-01
  -7.4775750980481615e-01   5.8724837550073528e-01   3.0983552411279092e-01
  -8.2408959338033605e-01   4.6658379277373230e-01   3.2121006584961076e-01
  -8.7619000069224495e-01   3.4917484922500808e-01   3.3221680775604484e-01
  -9.0757613052803221e-01   2.3533270202583584e-01   3.4774140773422929e-01
  -9.2751388977563620e-01   1.1611085010495775e-01   3.5529741732972525e-01
  -9.3886832088488736e-01   6.2960958162045604e-03   3.4421887690285857e-01
  -9.3362346883883696e-01  -1.0640970615159290e-01   3.4208798995297823e-01
  -9.1689004413796238e-01  -2.2427949342362985e-01   3.3016867778504588e-01
  -8.8304628525192941e-01  -3.4076574335908788e-01   3.2265766108322352e-01
  -8.3462044147447412e-01  -4.3490621737369223e-01   3.3803150853531505e-01
  -7.8557882165264770e-01  -5.2761235744361390e-01   3.2325085497741468e-01
  -7.2399996389230747e-01  -6.1233370217595173e-01   3.1760272269524126e-01
  -6.4353184425363508e-01  -6.9643269006263353e-01   3.1756617207070220e-01
  -5.5098805813170848e-01  -7.6685036452387334e-01   3.2916967999172042e-01
  -4.4685904499876122e-01  -8.3253039048056776e-01   3.2742959980592540e-01
  -3.2988496776929399e-01  -8.8575805653579742e-01   3.2650968335070713e-01
  -2.2185553949700604e-01  -9.2040753922770291e-01   3.2191626446530641e-01
  -1.1749913379989595e-01  -9.4324024786645422e-01   3.1063127395853785e-01
  -1.4195935884392144e-02  -9.5278270620798400e-01   3.0332093590017262e-01
   1.0053482784117033e-01  -9.4535935600675092e-01   3.1014260655615761e-01
   2.1380738892270651e-01  -9.2789337371754010e-01   3.0545095752532186e-01
   3.2135530902441634e-01  -8.9919241273516826e-01   2.9695752262121372e-01
   4.2492512514000080e-01  -8.5203336935758522e-01   3.0574135396755781e-01
   5.2042710966052874e-01  -7.9217487151332711e-01   3.1877044479253658e-01
   6.2498897895797101e-01  -7.2149488655920002e-01   2.9805017169932985e-01
   7.2435397445170391e-01  -6.3442654558056666e-01   2.6984120878533235e-01
   8.0603510883624796e-01  -5.3953861182859142e-01   2.4332178215156644e-01
   8.7123713173195805e-01  -4.2577174721938238e-01   2.4426272650821110e-01
   9.2017280019454051e-01  -3.0560848301342214e-01   2.4471508513447485e-01
   9.5186912489492759e-01  -1.7428755719957209e-01   2.5212896794531675e-01
   9.6567943142599633e-01  -5.3832961140722904e-02   2.5409692641900616e-01
   9.6849151469843231e-01   5.5785788679312019e-02   2.4271821468230106e-01
   9.5835633739205128e-01   1.6357202209506103e-01   2.3408828285120470e-01
   9.2940962325672904e-01   2.6332585996126290e-01   2.5856767716295570e-01
   8.9238573979337465e-01   3.7939328892909124e-01   2.4435307186323343e-01
   8.3609775487206295e-01   5.0951887605753410e-01   2.0330041622919301e-01
   7.5822354102596867e-01   6.1888581525807385e-01   2.0512778823550609e-01
   6.9561371587057585e-01   6.9489161669270871e-01   1.8233814560569422e-01
   6.0813710730877890e-01   7.7103382503914741e-01   1.8888117788602488e-01
   5.0384991143589108e-01   8.4079010086420303e-01   1.9800826506691102e-01
   3.9398224608849097e-01   9.0026256864952103e-01   1.8521689246835527e-01
   2.9498607005198046e-01   9.3699398016619462e-01   1.8715100749822547e-01
   1.9679463921228671e-01   9.5814251363240510e-01   2.0792978032855791e-01
   8.8804839495341223e-02   9.7455737307038337e-01   2.0579510945685883e-01
  -2.3288791516621998e-02   9.7887850785049357e-01   2.0311203572926551e-01
  -1.3642630351172899e-01   9.6685114043798048e-01   2.1583960698607205e-01
  -2.4847205133360320e-01   9.4194080365713173e-01   2.2585208015829319e-01
  -3.5647381927778221e-01   9.0997677120624842e-01   2.1182231240962790e-01
  -4.6114714580302929e-01   8.6469200902558585e-01   1.9912568755691909e-01
  -5.6460980684186590e-01   8.0104676204475367e-01   1.9884630002996503e-01
  -6.5944724011405242e-01   7.2142265108414849e-01   2.1137335690355599e-01
  -7.4292315894443817e-01   6.3180576353140372e-01   2.2110327241476313e-01
  -8.2222120834000101e-01   5.1761021476400926e-01   2.3671068866416839e-01
  -8.8812801244773720e-01   3.9227472049241452e-01   2.3947688232526709e-01
  -9.3052201741835328e-01   2.7419760527228959e-01   2.4278477786430405e-01
  -9.5268304061839293e-01   1.6661172191310195e-01   2.5423524193007696e-01
  -9.6762625614493603e-01   5.5907778437137685e-02   2.4611734747708977e-01
  -9.6737676219343061e-01  -6.6380221122401370e-02   2.4449103503379396e-01
  -9.5266481444616125e-01  -1.8621047320579404e-01   2.4032355478549203e-01
  -9.2309460279585009e-01  -3.0768325798381163e-01   2.3071056986111182e-01
  -8.7700359548729234e-01  -4.2468249755363374e-01   2.2474311952531426e-01
  -8.3075023033632334e-01  -5.1242899969609956e-01   2.1741797319127137e-01
  -7.6444721585982278e-01  -6.0826959628010713e-01   2.1360840902314948e-01
  -6.8817241461167700e-01  -6.9272548512997978e-01   2.1575479141601525e-01
  -5.9883150997144086e-01  -7.6889309833439812e-01   2.2406299560403453e-01
  -5.0587840061858680e-01  -8.3067239137413351e-01   2.3253047541421121e-01
  -3.9525608151998726e-01  -8.8705276924511023e-01   2.3855819959927280e-01
  -2.7961872647859104e-01  -9.3360385003207491e-01   2.2404735885026145e-01
  -1.7155222573832107e-01  -9.6323179123391744e-01   2.0677125090429480e-01
  -6.9458330043151967e-02  -9.7931700002564515e-01   1.9003619089106968e-01
   3.7579120075973298e-02  -9.7883752715891881e-01   2.0115890524589855e-01
   1.4529532976798054e-01  -9.6775274258533284e-01   2.0577632605861268e-01
   2.5695889296269064e-01  -9.4554725563749586e-01   1.9978116698975490e-01
   3.7700945785638174e-01  -9.0409614360882018e-01   2.0118158911415496e-01
   4.8662507025841878e-01  -8.4763630739706075e-01   2.1144439311143839e-01
   5.8194141046133419e-01  -7.8313540304102580e-01   2.1918744328552020e-01
   6.8122071426339181e-01  -7.0489104946183434e-01   1.9765360317248976e-01
   7.6929905069600280e-01  -6.1684918746888506e-01   1.6636120496439422e-01
   8.4856407069773310e-01  -5.0572129336711769e-01   1.5551524477035164e-01
   9.0627197518505997e-01  -3.9461885622488846e-01   1.5148288783202865e-01
   9.4813593597229762e-01  -2.7899045858225829e-01   1.5232390140091751e-01
   9.7387526240341993e-01  -1.6478779323021006e-01   1.5624326059381760e-01
   9.8725736869800151e-01  -4.5309272438776131e-02   1.5254493692865456e-01
   9.8808930794386296e-01   7.4652613070629398e-02   1.3456042095930326e-01
   9.7287570848814442e-01   1.9135918394433263e-01   1.2997891580502682e-01
   9.4019841831454387e-01   3.0209231761186728e-01   1.5737587438588116e-01
   8.9162011539944963e-01   4.2660744385251259e-01   1.5172230773586842e-01
   8.1918165940311671e-01   5.6116491362210474e-01   1.1847087666195313e-01
   7.6196894812793758e-01   6.4286849247808353e-01   7.8252306469269825e-02
   6.8583609987915795e-01   7.2381866250862115e-01   7.5600184568403575e-02
   5.9576836125572907e-01   7.9784079215711134e-01   9.2250366377463117e-02
   4.9906683277101693e-01   8.6097248215419686e-01   9.8278590756822298e-02
   4.0247397120054357e-01   9.1208476030527841e-01   7.8205450736676688e-02
   2.9843680563586295e-01   9.5156401103147714e-01   7.3901325776667220e-02
   1.9084725798529958e-01   9.7693620840576523e-01   9.5775617070628399e-02
   7.9342438212542110e-02   9.9183617402069757e-01   9.9828760397360453e-02
  -4.4128167202466761e-02   9.9367165681594671e-01   1.0329251328147042e-01
  -1.6448464927406717e-01   9.7962743526343521e-01   1.1521670118681107e-01
  -2.7144276211888768e-01   9.5549192709856756e-01   1.1555952640407706e-01
  -3.7163699108780912e-01   9.2299955238658671e-01   9.9788642386597848e-02
  -4.7121977798235060e-01   8.7688098013774995e-01   9.5035085683778761e-02
  -5.6960528822039003e-01   8.1584152169007762e-01   9.9761852016614583e-02
  -6.6054848217393924e-01   7.4255209093782959e-01   1.1086972058033788e-01
  -7.4216089124574769e-01   6.5939823320981295e-01   1.1996325081079869e-01
  -8.1433081644966820e-01   5.6167569919414528e-01   1.4623860747143649e-01
  -8.8060951625884909e-01   4.4772566460104157e-01   1.5514061084033257e-01
  -9.3374017799586395e-01   3.2671534131463748e-01   1.4624078003728039e-01
  -9.6703656009193606e-01   2.1129499347714312e-01   1.4210811791396491e-01
  -9.8395208724424565e-01   1.0029201783019720e-01   1.4757981287167879e-01
  -9.8816372454236667e-01  -2.4821215376498573e-02   1.5138150734416420e-01
  -9.7801395961970394e-01  -1.5030774937914032e-01   1.4455544011058730e-01
  -9.5292306052615161e-01  -2.6978460506059376e-01   1.3839764300656240e-01
  -9.1218229772326398e-01  -3.8761210052710610e-01   1.3296734653767847e-01
  -8.7424913280826289e-01  -4.7774531743948989e-01   8.6301016498308791e-02
  -8.1979540130271866e-01  -5.6035119068734851e-01   1.1807642905417336e-01
  -7.4122113255741851e-01  -6.6147904464191909e-01   1.1417839616105932e-01
  -6.4988787926832126e-01  -7.5030575068617755e-01   1.2119003617201954e-01
  -5.5955996152068721e-01  -8.2025917102217927e-01   1.1860666851815019e-01
  -4.6664822241075338e-01  -8.7402692726130204e-01   1.3533797302697675e-01
  -3.6191612058213013e-01  -9.2178398509058224e-01   1.3903598992097788e-01
  -2.4839746521332215e-01  -9.6169234812473603e-01   1.1595916019844173e-01
  -1.3297309866834048e-01  -9.8710267893319037e-01   8.9142898053959849e-02
  -1.0395047306817019e-02  -9.9619676879353036e-01   8.6509773071130683e-02
   1.0087487506536268e-01  -9.9036710674419237e-01   9.4853853162036220e-02
   2.1046257469180374e-01  -9.7261767109547914e-01   9.8591939462124994e-02
   3.2744129098087038e-01  -9.3859412227123196e-01   1.0873488216150669e-01
   4.4679523912113778e-01  -8.8761058561190986e-01   1.1189934141168000e-01
   5.5051480872533831e-01  -8.2717896634284349e-01   1.1273155287712990e-01
   6.3941458569279308e-01  -7.6060394676805720e-01   1.1238604790706123e-01
   7.2401992760734424e-01  -6.8442980601883996e-01   8.5737885794257285e-02
   8.0507090553611538e-01  -5.8916495246244238e-01   6.8887559466040971e-02
   8.6725460812921540e-01  -4.9523380214716994e-01   5.1116786768133624e-02
   9.1754179054985074e-01  -3.9439824885633040e-01   5.0666398072430001e-02
   9.5755345859552832e-01  -2.8370120394911308e-01   5.1039208551521241e-02
   9.8486363808835353e-01  -1.6454437957734999e-01   5.4486342516978765e-02
   9.9752826289883623e-01  -4.5688511786125229e-02   5.3384685152198047e-02
   9.9627995105365008e-01   7.7457837634793997e-02   3.7769597793441100e-02
   9.7647553947631072e-01   2.1256671800854482e-01   3.6206507695768164e-02
   9.3957712666890014e-01   3.3530293641739622e-01   6.9041754543791981e-02
   8.8522343058973485e-01   4.6147750918038793e-01   5.8463548092858232e-02
   8.4230701488064430e-01   5.3895496408801857e-01   6.8146436253653433e-03
   5.2524061542138678e-02   9.9859577142729850e-01   6.9071156524473532e-03
  -7.9137027722407022e-02   9.9680276695237191e-01   1.1026089032752318e-02
  -1.9530824459866081e-01   9.8069843396737733e-01   9.2342409391994069e-03
  -6.8555896764647772e-01   7.2798092472861586e-01   7.2577621044644302e-03
  -7.6674081521245196e-01   6.4156739086174186e-01   2.2356325060292091e-02
  -8.3343374236611545e-01   5.5046738052745880e-01   4.8722274791405951e-02
  -8.9064482469635231e-01   4.5098848606673481e-01   5.7975699019833161e-02
  -9.3769105771308092e-01   3.4370350776885800e-01   5.1023318515227012e-02
  -9.7374712965938515e-01   2.2356803160391822e-01   4.2823623443817689e-02
  -9.9391730208328699e-01   1.0041229724861374e-01   4.5230157867687609e-02
  -9.9834461655607010e-01  -1.6467097118832805e-02   5.5107724558291021e-02
  -9.8803838840606473e-01  -1.4533983663159530e-01   5.1541002355867248e-02
  -9.5886852476410533e-01  -2.8050378117742619e-01   4.3460107706663101e-02
  -9.2085248887444837e-01  -3.8933503829726873e-01   2.1187772129186083e-02
  -5.0750812484379659e-01  -8.6155817350213126e-01   1.2369999563648520e-02
  -4.1483608812049022e-01  -9.0929559374217039e-01   3.3053641160431690e-02
  -3.0875611408493331e-01  -9.5068611483370902e-01   2.9420623337369417e-02
  -7.7854544995570008e-01  -6.2714965141974388e-01   2.3458411654890699e-02
  -6.9029928485043945e-01  -7.2308273399445988e-01   2.5263751385512182e-02
  -5.9933290945113948e-01  -8.0039810532857991e-01   1.2764663538528453e-02
  -1.8680440665995793e-01  -9.8238217821988150e-01   5.4193697403019563e-03
   3.0131374767953201e-01  -9.5352218507333053e-01   2.3383824102697877e-03
   4.0547000943721129e-01  -9.1401518716989139e-01   1.3050251713133246e-02
   5.0828448812897709e-01  -8.6114429014855076e-01   8.7971968269612583e-03
   6.0245668067938618e-01  -7.9813751070941408e-01   4.7393990500845971e-03
  -0.0000000000000000e+00  -0.0000000000000000e+00  -1.0000000000000000e+00
  -1.1136231690747726e-01  -0.0000000000000000e+00  -9.9377987219152242e-01
  -7.6575728318956759e-02  -1.0833944304618245e-01  -9.9116029123087068e-01
   3.0196558728315958e-02  -1.1521542911283310e-01  -9.9288144948695312e-01
   1.1546144512476657e-01  -4.3159758827761692e-02  -9.9237386599387534e-01
   9.1189021431036854e-02   7.1560220696197940e-02  -9.9325912892072699e-01
  -2.7877230630855364e-02   1.0676438776943653e-01  -9.9389346789108712e-01
  -1.3975590654187633e-01   1.1136570773059028e-01  -9.8390343313168849e-01
  -2.2032331876167061e-01   1.8680702448186995e-02  -9.7524800259517863e-01
  -1.9346716227140853e-01  -9.4575121015513366e-02  -9.7653776353377619e-01
  -1.3305137353973470e-01  -2.0172040589791096e-01  -9.7036395741163639e-01
  -2.3692511289531801e-02  -2.2783841260840745e-01  -9.7341066495538076e-01
   8.8988193755461076e-02  -2.0663203962468724e-01  -9.7436353666005082e-01
   1.7438789781282951e-01  -1.3812244599771539e-01  -9.7494156286827283e-01
   2.0963006467821049e-01  -8.7386411348278721e-04  -9.7778038042523663e-01
   1.9613980148626442e-01   1.1098701339614483e-01  -9.7427463331974973e-01
   8.9293648520188396e-02   1.7766471282637658e-01  -9.8003157813933439e-01
  -2.0678744191329666e-02   2.1020170670523031e-01  -9.7743932396690381e-01
  -1.2954771694087344e-01   2.2283987488993284e-01  -9.6620897283892293e-01
  -2.3495329428684816e-01   1.5446625735077335e-01  -9.5965469041932083e-01
  -3.1137019856639314e-01   7.1916309524193242e-02  -9.4756353025490869e-01
  -3.0846464763803044e-01  -5.4454364041176651e-02  -9.4967588333831909e-01
  -2.6209363750724729e-01  -1.6869528853643492e-01  -9.5018357426543032e-01
  -2.1467548882950843e-01  -2.7109675761206836e-01  -9.3830750956604581e-01
  -1.0499322449757213e-01  -3.1644448890684396e-01  -9.4278274711096022e-01
   1.5104097525574589e-02  -3.2362036160693097e-01  -9.4606644998717571e-01
   1.2791374265708802e-01  -3.0539999674868068e-01  -9.4359361826231214e-01
   2.1830022983021352e-01  -2.4360308619590645e-01  -9.4498811952950268e-01
   2.7051692332821864e-01  -1.1831101724112582e-01  -9.5541776066410067e-01
   3.0898914817580392e-01  -8.0271891802031568e-03  -9.5103168745497446e-01
   3.0506375420019055e-01   1.0647278104344782e-01  -9.4636126969047063e-01
   2.2242404639134261e-01   2.1151648478745891e-01  -9.5172912125775500e-01
   1.2285153637372871e-01   2.7185813470471687e-01  -9.5446354283727697e-01
   1.5429968074586421e-02   3.1028208146102026e-01  -9.5051930333341150e-01
  -8.6878438556594384e-02   3.3200231776647604e-01  -9.3926918288191263e-01
  -1.9938139776239511e-01   2.9613663865113549e-01  -9.3410392862610336e-01
  -2.9283851913535847e-01   2.3359051079801721e-01  -9.2718988075567976e-01
  -3.7582583163874544e-01   1.5138412184365371e-01  -9.1424164854083911e-01
  -4.0242751254584230e-01   9.9592452043138404e-03  -9.1539767892491741e-01
  -3.8557626446065041e-01  -1.1552606837409075e-01  -9.1541502708366951e-01
  -3.4722987548332401e-01  -2.2244516766143296e-01  -9.1101567547211415e-01
  -2.9776868157649111e-01  -3.2534388986045765e-01  -8.9748825374077434e-01
  -1.9023819398227848e-01  -3.8666245536318966e-01  -9.0238659961397383e-01
  -7.7071379574354462e-02  -4.1673072908818404e-01  -9.0575686687109158e-01
   3.5441936238456546e-02  -4.2036959614562619e-01  -9.0666050525653330e-01
   1.4775757340851048e-01  -4.0187794506062824e-01  -9.0369343074644259e-01
   2.5095767048160605e-01  -3.5029623657423875e-01  -9.0239281594456999e-01
   3.1624661768624462e-01  -2.4073815788284283e-01  -9.1762367893444519e-01
   3.6712042089808666e-01  -1.3624183529053713e-01  -9.2014170586724187e-01
   4.1000418329203614e-01  -3.2241445014783682e-02  -9.1151360873351150e-01
   4.0674806033833927e-01   7.7082082356529066e-02  -9.1028257590188988e-01
   3.4339785563472036e-01   2.0092832912452982e-01  -9.1744521324202266e-01
   2.6218230784178970e-01   2.9895243712176806e-01  -9.1754448273296718e-01
   1.6080389041636248e-01   3.6275295082013315e-01  -9.1790653418430823e-01
   5.4847447863450839e-02   4.0416973852436633e-01  -9.1303810431110233e-01
  -4.7404971448972127e-02   4.3808836036003906e-01  -8.9768109994528389e-01
  -1.5559573135887206e-01   4.1442311932114861e-01  -8.9668469740206158e-01
  -2.6488068347767968e-01   3.7059148446875767e-01  -8.9022478911769232e-01
  -3.6043278740930895e-01   3.0042874411255721e-01  -8.8308027691218849e-01
  -4.4165790933842436e-01   2.1590122873896031e-01  -8.7081855202322100e-01
  -4.6654632589012474e-01   8.6376382223019382e-02  -8.8026907613097960e-01
  -4.8658750932339012e-01  -4.7772402145314904e-02  -8.7232470638158932e-01
  -4.7149377086575667e-01  -1.6157373462026917e-01  -8.6694149301763623e-01
  -4.2580167133247809e-01  -2.7074571070871062e-01  -8.6335954087697642e-01
  -3.7488858357775656e-01  -3.7886591782054274e-01  -8.4612006607635837e-01
  -2.7506508957698655e-01  -4.4070661866633903e-01  -8.5446876640383196e-01
  -1.6984358700040608e-01  -4.9250179686870177e-01  -8.5357784415713112e-01
  -6.0020342009902729e-02  -5.1393089374539913e-01  -8.5572927669857690e-01
   5.4626213078118768e-02  -5.1352874959718109e-01  -8.5633182831300836e-01
   1.6489051729019799e-01  -4.9508158206230057e-01  -8.5305647199377166e-01
   2.6948598684199970e-01  -4.4456961797654648e-01  -8.5424537322011940e-01
   3.5560411527269531e-01  -3.4883166214155659e-01  -8.6709987007765288e-01
   4.1766873743710714e-01  -2.4739961352617049e-01  -8.7426898434909284e-01
   4.6909933228749751e-01  -1.4425298448829177e-01  -8.7128462221804681e-01
   5.0753507391326536e-01  -3.8102248008019216e-02  -8.6078822450390879e-01
   5.0496469730959470e-01   7.5621653826706742e-02  -8.5982092318316095e-01
   4.4764016393766232e-01   1.8052604528522181e-01  -8.7580170735363427e-01
   3.8473737447439016e-01   2.9099685040961870e-01  -8.7595547017769959e-01
   3.0659185972442765e-01   3.8104780636659152e-01  -8.7224079290865864e-01
   2.0725363970764279e-01   4.4080668224517472e-01  -8.7334723776739343e-01
   9.6080376801792350e-02   4.9011856437128154e-01  -8.6634424685125000e-01
  -5.2519253723185486e-03   5.3095938390488751e-01  -8.4738099454922033e-01
  -1.2475629856008894e-01   5.1854390853600241e-01  -8.4590075120535968e-01
  -2.4311995994349517e-01   4.7306736653321441e-01  -8.4681754339314597e-01
  -3.6028510142749426e-01   4.0852627463149577e-01  -8.3863038856524386e-01
  -4.5634152332797084e-01   3.2876281462781498e-01  -8.2684183844596537e-01
  -5.3292169079812923e-01   2.3436025617883496e-01  -8.1306195446635798e-01
  -5.4518820052412886e-01   1.2971876781551481e-01  -8.2821667894681217e-01
  -5.6075483576861174e-01   1.3220519820557062e-02  -8.2787633860244580e-01
  -5.6942422591579012e-01  -1.1310520281952395e-01  -8.1422556090763787e-01
  -5.3340285929419951e-01  -2.3452145767301127e-01  -8.1269986808642858e-01
  -4.8127897851517087e-01  -3.4716685529366886e-01  -8.0488863790272158e-01
  -4.2122238696191167e-01  -4.5691496528250564e-01  -7.8345415642716210e-01
  -3.3087000190833049e-01  -5.1089660509580459e-01  -7.9341647370013868e-01
  -2.2967189005509855e-01  -5.6044397392076450e-01  -7.9570935335360993e-01
  -1.1058038914242217e-01  -5.9452261010239749e-01  -7.9643885114561253e-01
   1.0575342092795974e-02  -6.0112828447245381e-01  -7.9908256628888163e-01
   1.2675757667485110e-01  -5.9450591767543570e-01  -7.9403729799324130e-01
   2.3805290190633066e-01  -5.5893025410827235e-01  -7.9430962913490921e-01
   3.3764632539405709e-01  -5.0094157789690386e-01  -7.9690180981225700e-01
   4.0834589387037895e-01  -4.1688072549937183e-01  -8.1207394470350958e-01
   4.7653373576028951e-01  -3.1814016887879576e-01  -8.1957454305762445e-01
   5.3392291662314806e-01  -2.1265756006307343e-01  -8.1835388509657059e-01
   5.8082342342487925e-01  -1.0732443388629789e-01  -8.0692355071096367e-01
   5.9537004070929189e-01   1.4404022050045942e-02  -8.0332249985581627e-01
   5.7289809058783603e-01   1.3819854924230199e-01  -8.0789166277919633e-01
   5.1244834615054358e-01   2.3807986644024703e-01  -8.2505434349706119e-01
   4.5277605243428137e-01   3.4215301846995660e-01  -8.2336210642336849e-01
   3.8441056602819368e-01   4.3324029669630088e-01  -8.1518793050706106e-01
   2.9496801661990124e-01   4.9627116767284590e-01  -8.1652238016355172e-01
   1.8522582146641600e-01   5.4250688131328595e-01  -8.1937639628550674e-01
   8.4473863123880916e-02   5.9528281128212091e-01  -7.9906354005234315e-01
  -4.7958996782253863e-02   6.0985475915631293e-01  -7.9106074821219341e-01
  -1.7753487015522124e-01   5.8091278208900599e-01  -7.9436874906090038e-01
  -2.9632480122239296e-01   5.3233328630379806e-01  -7.9297722821876027e-01
  -4.0111825892882380e-01   4.7295295095869927e-01  -7.8448686957358771e-01
  -5.0199664928001275e-01   3.9154331960905575e-01  -7.7116353193156162e-01
  -5.8363154561906316e-01   3.0774711460683907e-01  -7.5144256760544814e-01
  -6.3388768861959688e-01   2.0682097790350529e-01  -7.4525933829475943e-01
  -6.3471631712955234e-01   1.0198888671074589e-01  -7.6598528951736411e-01
  -6.4162149607781194e-01  -1.7797344518048919e-02  -7.6681491267383173e-01
  -6.3521715032642900e-01  -1.5272399614457632e-01  -7.5708292341909433e-01
  -5.9778458651899824e-01  -2.7538866105017662e-01  -7.5287095407201177e-01
  -5.4694326964056206e-01  -3.8712670285316075e-01  -7.4228429576068222e-01
  -4.9900847896782863e-01  -4.8537467345636526e-01  -7.1791501188186679e-01
  -4.1639324844615283e-01  -5.6641888592343004e-01  -7.1118654958999383e-01
  -3.2039667032887548e-01  -6.0820370972691085e-01  -7.2624666685403338e-01
  -1.9757324667627871e-01  -6.4691518519381574e-01  -7.3652261021875320e-01
  -6.8626262713220657e-02  -6.7357680233678108e-01  -7.3592440333214448e-01
   4.9762117851112890e-02  -6.7968694217268122e-01  -7.3181240237298673e-01
   1.6940555648398431e-01  -6.6403929158313579e-01  -7.2825378589206036e-01
   2.8288260556563810e-01  -6.2480627650226050e-01  -7.2773247028820731e-01
   3.8368667729056805e-01  -5.7077520708504836e-01  -7.2594779195665549e-01
   4.6115831906896904e-01  -4.9078450144062818e-01  -7.3923174843830741e-01
   5.2029677203251568e-01  -4.0230910087302446e-01  -7.5328524236658390e-01
   5.7694648805022208e-01  -3.0399201205988119e-01  -7.5810395496284011e-01
   6.3039848837951851e-01  -2.0055351219562223e-01  -7.4991735184273378e-01
   6.6307016414470077e-01  -7.7641492112850666e-02  -7.4451981580318582e-01
   6.6681521011033884e-01   5.0648242684170904e-02  -7.4349998727539324e-01
   6.4121694181346012e-01   1.7222225607310146e-01  -7.4778361044120567e-01
   5.7798749706191754e-01   2.8411592860842022e-01  -7.6498927597128763e-01
   5.2048986308632883e-01   3.8906279303832447e-01  -7.6007923632841901e-01
   4.5529996322196542e-01   4.8260265263264146e-01  -7.4819557814919957e-01
   3.7634441596605933e-01   5.5288366876301787e-01  -7.4342755490115586e-01
   2.7191474521434933e-01   5.9278537878337423e-01  -7.5806851012007292e-01
   1.6775058602536685e-01   6.4547113860036243e-01  -7.4513539046410737e-01
   3.8283072707573716e-02   6.7300471308024412e-01  -7.3864677790933664e-01
  -9.2811399324106661e-02   6.7620189084645455e-01  -7.3084680130050572e-01
  -2.0446167558954348e-01   6.5337776287700011e-01  -7.2889843064240634e-01
  -3.0906226531813241e-01   6.1147032288335534e-01  -7.2841235601089949e-01
  -4.0936168093835656e-01   5.6479696234431120e-01  -7.1653848850285917e-01
  -4.9621509963691857e-01   4.8975493551464527e-01  -7.1687563637730689e-01
  -5.8826850421193777e-01   4.1614835153455476e-01  -6.9336910550393127e-01
  -6.6168974895376365e-01   3.2471300401639008e-01  -6.7581664758435567e-01
  -7.0935175320981181e-01   2.0965774767422318e-01  -6.7295149829563361e-01
  -7.1099507166614706e-01   8.5653010694931975e-02  -6.9796100881449274e-01
  -7.0783794663715716e-01  -4.6827945227041916e-02  -7.0482095942608458e-01
  -7.0165031426251945e-01  -1.7737844026551008e-01  -6.9008965028051428e-01
  -6.6883690095329895e-01  -2.9002879283095495e-01  -6.8450018206878960e-01
  -6.2569825795350986e-01  -3.9555910834868269e-01  -6.7233524509454212e-01
  -5.8822682884899402e-01  -4.9229543092482897e-01  -6.4158741143572418e-01
  -5.1379529868883789e-01  -5.7415839509310329e-01  -6.3746100146546991e-01
  -4.1764732268777804e-01  -6.4764913285246839e-01  -6.3727648204462772e-01
  -2.8749641230218587e-01  -6.8717380699519170e-01  -6.6718660949775255e-01
  -1.6206514685383819e-01  -7.2357865079541894e-01  -6.7094621564498369e-01
  -5.0062483210648240e-02  -7.4996400392654250e-01  -6.5958148896800650e-01
   6.2895197141611653e-02  -7.5044105310626197e-01  -6.5793800619000753e-01
   1.7765130959714334e-01  -7.3433544051613109e-01  -6.5512706630118678e-01
   2.9025090928849295e-01  -6.9735281274290317e-01  -6.5532699030084540e-01
   4.0045579121249086e-01  -6.4451414449256195e-01  -6.5133453526847396e-01
   4.9459274629601890e-01  -5.6740947034060096e-01  -6.5834983730472707e-01
   5.6628815751846528e-01  -4.8348527086613408e-01  -6.6750259588247507e-01
   6.1829999610962805e-01  -3.9437024200928744e-01  -6.7983617661049045e-01
   6.6717365136184414e-01  -2.9898920495712228e-01  -6.8226444597942559e-01
   7.0844593584387705e-01  -1.8572608422048542e-01  -6.8088925503815845e-01
   7.3287368448585066e-01  -6.3748010963162696e-02  -6.7737165107965236e-01
   7.3386177644506401e-01   6.2695229943606406e-02  -6.7639943910030942e-01
   7.0894965579767522e-01   1.8873991584848676e-01  -6.7953486276265762e-01
   6.4959288680095417e-01   2.9800672537472811e-01  -6.9944340232004065e-01
   5.9350264868504066e-01   4.0978446445302941e-01  -6.9269856264957352e-01
   5.3227902904099844e-01   5.0955090261877434e-01  -6.7604505240669011e-01
   4.6321883100977407e-01   5.9146482615697127e-01  -6.5999823788934642e-01
   3.6484621658679806e-01   6.4091716105556895e-01  -6.7536096341643048e-01
   2.5749249056415036e-01   6.8158435531423966e-01  -6.8493823363420381e-01
   1.3317795112816030e-01   7.2483982695397853e-01  -6.7592222821463099e-01
   1.5509202278610077e-02   7.4435073371210758e-01  -6.6760875508558770e-01
  -9.5781572917123539e-02   7.4904581388980085e-01  -6.5555797530324322e-01
  -2.0729760623035454e-01   7.3211011857470931e-01  -6.4887785964054123e-01
  -3.0850381361694790e-01   6.9459815617763254e-01  -6.4989137432222677e-01
  -4.1062202977430429e-01   6.4716993110490151e-01  -6.4230882676303569e-01
  -5.0864861576797915e-01   5.7630444809475423e-01  -6.3964816015018711e-01
  -5.9146155473017248e-01   5.0374264561229976e-01  -6.2961621347269026e-01
  -6.7624473808438101e-01   4.1579058850491057e-01  -6.0812107406660976e-01
  -7.3973450999860135e-01   2.9796649041640277e-01  -6.0333143901678210e-01
  -7.7491617771781462e-01   1.6459985824203341e-01  -6.1025552367669289e-01
  -7.7048822931303984e-01   4.1340288854207062e-02  -6.3611230848609379e-01
  -7.6757772114535106e-01  -9.0660932903741595e-02  -6.3451165256938591e-01
  -7.6234875598024154e-01  -2.1654355982265283e-01  -6.0986331333726851e-01
  -7.3156044560389888e-01  -3.2276536904494496e-01  -6.0053462096127763e-01
  -6.9207987187896236e-01  -4.2111505027347618e-01  -5.8624872313137422e-01
  -6.4514177520711224e-01  -5.2557425677246461e-01  -5.5458434029522252e-01
  -5.6602979321733426e-01  -6.1141241829911785e-01  -5.5297841543767912e-01
  -4.7605161801309753e-01  -6.8147598625597428e-01  -5.5584650502054878e-01
  -3.5356484106925434e-01  -7.2411947787851494e-01  -5.9215106595920264e-01
  -2.3231976381360317e-01  -7.6689458603830207e-01  -5.9824762535820630e-01
  -1.2058096364332742e-01  -8.0411074977451213e-01  -5.8212209484258404e-01
  -9.3301821508138851e-03  -8.2017128246740134e-01  -5.7204196971621823e-01
   1.0050090293841993e-01  -8.1325146856879404e-01  -5.7316805334845911e-01
   2.1266475745438534e-01  -7.9162023282999561e-01  -5.7280983573176458e-01
   3.2278518938566203e-01  -7.5104874351434014e-01  -5.7596484821453586e-01
   4.2904033155603644e-01  -6.9740710607049883e-01  -5.7406247247199338e-01
   5.2683579920761092e-01  -6.2135464769652071e-01  -5.7996762190592199e-01
   6.1253968690550931e-01  -5.3811317736672737e-01  -5.7898993109551189e-01
   6.7257229796901608e-01  -4.5239560524498468e-01  -5.8564897366912638e-01
   7.1795457954344466e-01  -3.5766630207552186e-01  -5.9717337354592193e-01
   7.5638511760055838e-01  -2.5070697240728546e-01  -6.0417511357119147e-01
   7.8580479474391229e-01  -1.3550502544250254e-01  -6.0344777125887594e-01
   7.9646983226924495e-01  -7.7869683490023236e-03  -6.0462812489077322e-01
   7.8417982670010700e-01   1.2724810566437167e-01  -6.0734662179139443e-01
   7.5504866121923664e-01   2.4859129419673781e-01  -6.0671565633386237e-01
   6.9944466360809321e-01   3.4541069663173318e-01  -6.2567452657315537e-01
   6.4658792367806717e-01   4.5028396181229041e-01  -6.1576652287073363e-01
   5.8687340593204274e-01   5.5023839161286203e-01  -5.9398427403847520e-01
   5.1070549370972596e-01   6.3910608897701715e-01  -5.7508547688774592e-01
   4.1078175556935015e-01   6.9607934424367579e-01  -5.8883944824430468e-01
   3.0336340561892006e-01   7.3549293177445596e-01  -6.0582240916056085e-01
   1.9114246194223239e-01   7.7001894584865882e-01  -6.0871617546832313e-01
   7.2191388031150938e-02   8.0439249075384778e-01  -5.8969578963475455e-01
  -3.6725075143171942e-02   8.1696549411813202e-01  -5.7551598611684507e-01
  -1.5410475656627667e-01   8.0705313968694314e-01  -5.7001487149467955e-01
  -2.7241933003519331e-01   7.7977100417435963e-01  -5.6368864603794100e-01
  -3.8503799318126197e-01   7.2824668692179606e-01  -5.6692372220112119e-01
  -5.0137654153408528e-01   6.5521562324165772e-01  -5.6507880039810898e-01
  -6.0047311483056376e-01   5.8299786473284498e-01  -5.4730752606064537e-01
  -6.7772031764157137e-01   5.0178590797272260e-01  -5.3749983592164741e-01
  -7.4895628350173127e-01   3.9813206810451768e-01  -5.2967475090860605e-01
  -8.0132256649601141e-01   2.8836302255353069e-01  -5.2414588775267257e-01
  -8.2943284709089105e-01   1.8117567600083476e-01  -5.2840943083213321e-01
  -8.3337070853085615e-01   6.2141509876774491e-02  -5.4921006446806264e-01
  -8.2700855974947796e-01  -4.7369391814710136e-02  -5.6019013095573056e-01
  -8.2407457835430964e-01  -1.6310706592610277e-01  -5.4249163528587674e-01
  -8.1008417703469227e-01  -2.8177581049712147e-01  -5.1416536127661860e-01
  -7.7451925059717919e-01  -3.8479528516956463e-01  -5.0204832333716387e-01
  -7.2330210332038714e-01  -4.8694882382936783e-01  -4.8960689364376736e-01
  -6.4604974172797414e-01  -6.0308398443187328e-01  -4.6787758969092968e-01
  -5.5869387165977225e-01  -6.8834138212096962e-01  -4.6265246074089716e-01
  -4.5574931364131949e-01  -7.5077453974224950e-01  -4.7815285588426587e-01
  -3.6030134852045903e-01  -7.8237849251324532e-01  -5.0800278808982968e-01
  -2.5389586232454819e-01  -8.1824980390804614e-01  -5.1575590108007308e-01
  -1.4008991457876194e-01  -8.5655001649513651e-01  -4.9668590182880840e-01
  -2.2198235230233294e-02  -8.7576651112605031e-01  -4.8222428012571983e-01
   9.7325642745920982e-02  -8.7020582385152268e-01  -4.8297985817111067e-01
   2.1542703128234683e-01  -8.4704242164726773e-01  -4.8591185427277561e-01
   3.3035386647710879e-01  -8.0731825532970547e-01  -4.8898216482303836e-01
   4.3262877836846997e-01  -7.6090881307219005e-01  -4.8358051895881432e-01
   5.2446672242743964e-01  -6.9306284579447330e-01  -4.9456905366741777e-01
   6.1446969046342426e-01  -6.1427697503280365e-01  -4.9506645760577628e-01
   6.9508394501781245e-01  -5.3075723599004121e-01  -4.8492789755043630e-01
   7.5009890285487535e-01  -4.3622991713301534e-01  -4.9704637141220021e-01
   7.9187737862196450e-01  -3.2951869931266131e-01  -5.1414749248644376e-01
   8.2623047332109145e-01  -2.1597571836198484e-01  -5.2028616552204199e-01
   8.4506144354099411e-01  -9.0195789526589049e-02  -5.2700652386103020e-01
   8.4507110227400661e-01   4.3549041976947048e-02  -5.3287739025434888e-01
   8.3550833608563502e-01   1.6379302313661706e-01  -5.2449753660353948e-01
   8.1034702950069315e-01   2.7245913521187853e-01  -5.1875207124309208e-01
   7.5762629645496349e-01   3.7175705749788268e-01  -5.3646909055457404e-01
   7.0709409827288616e-01   4.6686295871503286e-01  -5.3109030679113267e-01
   6.4637401804980787e-01   5.6386787744944189e-01  -5.1405607239950757e-01
   5.7047835048461404e-01   6.5600022840944650e-01  -4.9418432993682432e-01
   4.6130753089426668e-01   7.3295658524740348e-01  -4.9997000518301199e-01
   3.5377642585657282e-01   7.8164271032456245e-01  -5.1368951118805328e-01
   2.4892519235783866e-01   8.1584677710194020e-01  -5.2194854622078424e-01
   1.3959085187689382e-01   8.4398868331317201e-01  -5.1787787799015050e-01
   2.4715365452342767e-02   8.7098060940822508e-01  -4.9069535227616923e-01
  -9.7702973675125634e-02   8.6651940361521296e-01  -4.8948774457934419e-01
  -2.2553528722866203e-01   8.4412303793277388e-01  -4.8640531560194711e-01
  -3.5311605164679127e-01   7.9809427652892295e-01  -4.8821571035880823e-01
  -4.7295205851634770e-01   7.2857692032445498e-01  -4.9547151433324810e-01
  -5.8358339596462416e-01   6.5918260412839846e-01  -4.7424541575949869e-01
  -6.7809029806237264e-01   5.8229284903953804e-01  -4.4847361754187998e-01
  -7.4738928717080888e-01   4.9360447512992889e-01  -4.4470650496031378e-01
  -8.0548466835683796e-01   3.9932518245777610e-01  -4.3787423730694475e-01
  -8.5301840053831324e-01   2.9704717922631824e-01  -4.2909507298120481e-01
  -8.8247191728795971e-01   1.8993258508569535e-01  -4.3031259372783609e-01
  -8.8574595340352780e-01   8.1203606441125245e-02  -4.5701212273880704e-01
  -8.8748627586714801e-01  -2.9570754226208737e-02  -4.5988442096026000e-01
  -8.7978225845272418e-01  -1.3013193020063890e-01  -4.5721861122889573e-01
  -8.6457419407081626e-01  -2.4587707512641005e-01  -4.3824185887940953e-01
  -8.3030759826636236e-01  -3.7526114899667756e-01  -4.1202956485528841e-01
  -7.8071237517726899e-01  -4.8074087790950526e-01  -3.9921973341991157e-01
  -7.1386259639571847e-01  -5.7532088676405013e-01  -3.9925689814978832e-01
  -6.2516825953937094e-01  -6.8302155116733543e-01  -3.7768532921663833e-01
  -5.2493528440450232e-01  -7.6200979450498574e-01  -3.7918863414616438e-01
  -4.2618566045535888e-01  -8.1903804350180487e-01  -3.8411256959251577e-01
  -3.3289762775928816e-01  -8.4768064098623352e-01  -4.1305774454597349e-01
  -2.3220652329927538e-01  -8.7754901907491356e-01  -4.1950905789734733e-01
  -1.1737299903897944e-01  -9.0746696229297019e-01  -4.0339470924067017e-01
   1.1089377440698199e-02  -9.1805250311421038e-01  -3.9630370580365548e-01
   1.4487319670435814e-01  -9.0504745429948186e-01  -3.9987605872656046e-01
   2.7874312416617536e-01  -8.7181013123360274e-01  -4.0280189399818933e-01
   3.9589041673601683e-01  -8.3042209142855961e-01  -3.9200756115666940e-01
   4.9913854121100570e-01  -7.7395256141027313e-01  -3.8968981172751554e-01
   5.8447315758313556e-01  -7.0371228607794412e-01  -4.0395562440415783e-01
   6.7081384016879886e-01  -6.2366959230359031e-01  -4.0130416328996948e-01
   7.5230650724578452e-01  -5.2770562016852285e-01  -3.9441310525666246e-01
   8.1026666496368016e-01  -4.1563760353196977e-01  -4.1317467756245224e-01
   8.5101083679726575e-01  -3.0217871545167962e-01  -4.2949805538743746e-01
   8.8011648820012556e-01  -1.7782831832015730e-01  -4.4019547521720720e-01
   8.9281364920691475e-01  -5.0551730466750953e-02  -4.4758050710084452e-01
   8.9483194363340035e-01   6.2324689525211946e-02  -4.4203102349140255e-01
   8.8500704009002584e-01   1.7581303563364617e-01  -4.3110592143042265e-01
   8.6129935380646339e-01   2.8577907236651279e-01  -4.2011158628381590e-01
   8.1315310427958032e-01   3.8175856617646781e-01  -4.3936593649413630e-01
   7.6290233045242606e-01   4.7875803717790361e-01  -4.3447758978780299e-01
   7.0590957142777133e-01   5.6732638918063749e-01  -4.2406655740098176e-01
   6.3479919784882533e-01   6.5464719392392245e-01  -4.1044735338167559e-01
   5.3239471438389363e-01   7.3611586289911435e-01  -4.1795849612657066e-01
   4.2281811937045688e-01   8.0458913684898603e-01  -4.1696661592582396e-01
   3.1656503857611812e-01   8.4931560957240759e-01  -4.2243291974933778e-01
   2.0988766466442735e-01   8.8002273301252754e-01  -4.2603656838688692e-01
   1.0544046393818443e-01   9.0387920505624797e-01  -4.1458978669449353e-01
  -1.3615227081615220e-02   9.1595319456128599e-01  -4.0105407486334171e-01
  -1.3669667832063506e-01   9.0437957287162440e-01  -4.0424201452674741e-01
  -2.5652206900663727e-01   8.7953676575999962e-01  -4.0076365327832997e-01
  -3.6420159540774161e-01   8.4099322305204027e-01  -4.0010948087116960e-01
  -4.6647710604615633e-01   7.8210908288738601e-01  -4.1316400133585579e-01
  -5.7197242606050591e-01   7.1768634850883017e-01  -3.9720756411543967e-01
  -6.7136065943661516e-01   6.4357363586386307e-01  -3.6754297732619112e-01
  -7.5711625821720063e-01   5.5364075666259271e-01  -3.4678074356177391e-01
  -8.1877207602361102e-01   4.6341441133190087e-01  -3.3890908942354131e-01
  -8.7019386045795033e-01   3.5931864121412910e-01  -3.3712424904969579e-01
  -9.1174027077234432e-01   2.4216809294956457e-01  -3.3178953179559983e-01
  -9.2950978865630096e-01   1.1767161817726343e-01  -3.4952101949333919e-01
  -9.3286475255855117e-01   8.5400800245208960e-03  -3.6012556208501484e-01
  -9.3349352480037107e-01  -9.5256769481526712e-02  -3.4571084308092259e-01
  -9.1486951238877767e-01  -1.9485801995845539e-01  -3.5361579059678649e-01
  -8.8250477556356344e-01  -3.1811250110194761e-01  -3.4639537778406904e-01
  -8.4135433751138511e-01  -4.4343190789545572e-01  -3.0901621609710800e-01
  -7.8602151017706279e-01  -5.4273663271513073e-01  -2.9598502166158830e-01
  -7.1214631359535896e-01  -6.3116371499117951e-01  -3.0737597972365027e-01
  -6.3581862054604610e-01  -7.1781904309851885e-01  -2.8367323302005387e-01
  -5.3887298737462441e-01  -7.9169519794497667e-01  -2.8781003635872732e-01
  -4.2856933794324242e-01  -8.5749234027651955e-01  -2.8466683850070851e-01
  -3.2799079146961574e-01  -8.9584337562146954e-01  -2.9981108562937686e-01
  -2.3423816068732550e-01  -9.1959483490359717e-01  -3.1540105214860092e-01
  -1.2279810727964532e-01  -9.4239325059913870e-01  -3.1115203048305146e-01
  -5.9394328835655008e-03  -9.5219234771781991e-01  -3.0544141186919604e-01
   1.1314896507410051e-01  -9.4311428402885333e-01  -3.1262239037439948e-01
   2.3875452997753421e-01  -9.1648656118485006e-01  -3.2101192747743018e-01
   3.6264933637638375e-01  -8.7967252419984532e-01  -3.0767143025253568e-01
   4.7614913715024310e-01  -8.2891336498440504e-01  -2.9357219306553778e-01
   5.7564800122885629e-01  -7.6162174520796710e-01  -2.9759317180942374e-01
   6.6174584769899336e-01  -6.8239310947210852e-01  -3.1053514647802360e-01
   7.4775750980481615e-01  -5.8724837550073528e-01  -3.0983552411279092e-01
   8.2408959338033605e-01  -4.6658379277373230e-01  -3.2121006584961076e-01
   8.7619000069224495e-01  -3.4917484922500808e-01  -3.3221680775604484e-01
   9.0757613052803221e-01  -2.3533270202583584e-01  -3.4774140773422929e-01
   9.2751388977563620e-01  -1.1611085010495775e-01  -3.5529741732972525e-01
   9.3886832088488736e-01  -6.2960958162045604e-03  -3.4421887690285857e-01
   9.3362346883883696e-01   1.0640970615159290e-01  -3.4208798995297823e-01
   9.1689004413796238e-01   2.2427949342362985e-01  -3.3016867778504588e-01
   8.8304628525192941e-01   3.4076574335908788e-01  -3.2265766108322352e-01
   8.3462044147447412e-01   4.3490621737369223e-01  -3.3803150853531505e-01
   7.8557882165264770e-01   5.2761235744361390e-01  -3.2325085497741468e-01
   7.2399996389230747e-01   6.1233370217595173e-01  -3.1760272269524126e-01
   6.4353184425363508e-01   6.9643269006263353e-01  -3.1756617207070220e-01
   5.5098805813170848e-01   7.6685036452387334e-01  -3.2916967999172042e-01
   4.4685904499876122e-01   8.3253039048056776e-01  -3.2742959980592540e-01
   3.2988496776929399e-01   8.8575805653579742e-01  -3.2650968335070713e-01
   2.2185553949700604e-01   9.2040753922770291e-01  -3.2191626446530641e-01
   1.1749913379989595e-01   9.4324024786645422e-01  -3.1063127395853785e-01
   1.4195935884392144e-02   9.5278270620798400e-01  -3.0332093590017262e-01
  -1.0053482784117033e-01   9.4535935600675092e-01  -3.1014260655615761e-01
  -2.1380738892270651e-01   9.2789337371754010e-01  -3.0545095752532186e-01
  -3.2135530902441634e-01   8.9919241273516826e-01  -2.9695752262121372e-01
  -4.2492512514000080e-01   8.5203336935758522e-01  -3.0574135396755781e-01
  -5.2042710966052874e-01   7.9217487151332711e-01  -3.1877044479253658e-01
  -6.2498897895797101e-01   7.2149488655920002e-01  -2.9805017169932985e-01
  -7.2435397445170391e-01   6.3442654558056666e-01  -2.6984120878533235e-01
  -8.0603510883624796e-01   5.3953861182859142e-01  -2.4332178215156644e-01
  -8.7123713173195805e-01   4.2577174721938238e-01  -2.4426272650821110e-01
  -9.2017280019454051e-01   3.0560848301342214e-01  -2.4471508513447485e-01
  -9.5186912489492759e-01   1.7428755719957209e-01  -2.5212896794531675e-01
  -9.6567943142599633e-01   5.3832961140722904e-02  -2.5409692641900616e-01
  -9.6849151469843231e-01  -5.5785788679312019e-02  -2.4271821468230106e-01
  -9.5835633739205128e-01  -1.6357202209506103e-01  -2.3408828285120470e-01
  -9.2940962325672904e-01  -2.6332585996126290e-01  -2.5856767716295570e-01
  -8.9238573979337465e-01  -3.7939328892909124e-01  -2.4435307186323343e-01
  -8.3609775487206295e-01  -5.0951887605753410e-01  -2.0330041622919301e-01
  -7.5822354102596867e-01  -6.1888581525807385e-01  -2.0512778823550609e-01
  -6.9561371587057585e-01  -6.9489161669270871e-01  -1.8233814560569422e-01
  -6.0813710730877890e-01  -7.7103382503914741e-01  -1.8888117788602488e-01
  -5.0384991143589108e-01  -8.4079010086420303e-01  -1.9800826506691102e-01
  -3.9398224608849097e-01  -9.0026256864952103e-01  -1.8521689246835527e-01
  -2.9498607005198046e-01  -9.3699398016619462e-01  -1.8715100749822547e-01
  -1.9679463921228671e-01  -9.5814251363240510e-01  -2.0792978032855791e-01
  -8.8804839495341223e-02  -9.7455737307038337e-01  -2.0579510945685883e-01
   2.3288791516621998e-02  -9.7887850785049357e-01  -2.0311203572926551e-01
   1.3642630351172899e-01  -9.6685114043798048e-01  -2.1583960698607205e-01
   2.4847205133360320e-01  -9.4194080365713173e-01  -2.2585208015829319e-01
   3.5647381927778221e-01  -9.0997677120624842e-01  -2.1182231240962790e-01
   4.6114714580302929e-01  -8.6469200902558585e-01  -1.9912568755691909e-01
   5.6460980684186590e-01  -8.0104676204475367e-01  -1.9884630002996503e-01
   6.5944724011405242e-01  -7.2142265108414849e-01  -2.1137335690355599e-01
   7.4292315894443817e-01  -6.3180576353140372e-01  -2.2110327241476313e-01
   8.2222120834000101e-01  -5.1761021476400926e-01  -2.3671068866416839e-01
   8.8812801244773720e-01  -3.9227472049241452e-01  -2.3947688232526709e-01
   9.3052201741835328e-01  -2.7419760527228959e-01  -2.4278477786430405e-01
   9.5268304061839293e-01  -1.6661172191310195e-01  -2.5423524193007696e-01
   9.6762625614493603e-01  -5.5907778437137685e-02  -2.4611734747708977e-01
   9.6737676219343061e-01   6.6380221122401370e-02  -2.4449103503379396e-01
   9.5266481444616125e-01   1.8621047320579404e-01  -2.4032355478549203e-01
   9.2309460279585009e-01   3.0768325798381163e-01  -2.3071056986111182e-01
   8.7700359548729234e-01   4.2468249755363374e-01  -2.2474311952531426e-01
   8.3075023033632334e-01   5.1242899969609956e-01  -2.1741797319127137e-01
   7.6444721585982278e-01   6.0826959628010713e-01  -2.1360840902314948e-01
   6.8817241461167700e-01   6.9272548512997978e-01  -2.1575479141601525e-01
   5.9883150997144086e-01   7.6889309833439812e-01  -2.2406299560403453e-01
   5.0587840061858680e-01   8.3067239137413351e-01  -2.3253047541421121e-01
   3.9525608151998726e-01   8.8705276924511023e-01  -2.3855819959927280e-01
   2.7961872647859104e-01   9.3360385003207491e-01  -2.2404735885026145e-01
   1.7155222573832107e-01   9.6323179123391744e-01  -2.0677125090429480e-01
   6.9458330043151967e-02   9.7931700002564515e-01  -1.9003619089106968e-01
  -3.7579120075973298e-02   9.7883752715891881e-01  -2.0115890524589855e-01
  -1.4529532976798054e-01   9.6775274258533284e-01  -2.0577632605861268e-01
  -2.5695889296269064e-01   9.4554725563749586e-01  -1.9978116698975490e-01
  -3.7700945785638174e-01   9.0409614360882018e-01  -2.0118158911415496e-01
  -4.8662507025841878e-01   8.4763630739706075e-01  -2.1144439311143839e-01
  -5.8194141046133419e-01   7.8313540304102580e-01  -2.1918744328552020e-01
  -6.8122071426339181e-01   7.0489104946183434e-01  -1.9765360317248976e-01
  -7.6929905069600280e-01   6.1684918746888506e-01  -1.6636120496439422e-01
  -8.4856407069773310e-01   5.0572129336711769e-01  -1.5551524477035164e-01
  -9.0627197518505997e-01   3.9461885622488846e-01  -1.5148288783202865e-01
  -9.4813593597229762e-01   2.7899045858225829e-01  -1.5232390140091751e-01
  -9.7387526240341993e-01   1.6478779323021006e-01  -1.5624326059381760e-01
  -9.8725736869800151e-01   4.5309272438776131e-02  -1.5254493692865456e-01
  -9.8808930794386296e-01  -7.4652613070629398e-02  -1.3456042095930326e-01
  -9.7287570848814442e-01  -1.9135918394433263e-01  -1.2997891580502682e-01
  -9.4019841831454387e-01  -3.0209231761186728e-01  -1.5737587438588116e-01
  -8.9162011539944963e-01  -4.2660744385251259e-01  -1.5172230773586842e-01
  -8.1918165940311671e-01  -5.6116491362210474e-01  -1.1847087666195313e-01
  -7.6196894812793758e-01  -6.4286849247808353e-01  -7.8252306469269825e-02
  -6.8583609987915795e-01  -7.2381866250862115e-01  -7.5600184568403575e-02
  -5.9576836125572907e-01  -7.9784079215711134e-01  -9.2250366377463117e-02
  -4.9906683277101693e-01  -8.6097248215419686e-01  -9.8278590756822298e-02
  -4.0247397120054357e-01  -9.1208476030527841e-01  -7.8205450736676688e-02
  -2.9843680563586295e-01  -9.5156401103147714e-01  -7.3901325776667220e-02
  -1.9084725798529958e-01  -9.7693620840576523e-01  -9.5775617070628399e-02
  -7.9342438212542110e-02  -9.9183617402069757e-01  -9.9828760397360453e-02
   4.4128167202466761e-02  -9.9367165681594671e-01  -1.0329251328147042e-01
   1.6448464927406717e-01  -9.7962743526343521e-01  -1.1521670118681107e-01
   2.7144276211888768e-01  -9.5549192709856756e-01  -1.1555952640407706e-01
   3.7163699108780912e-01  -9.2299955238658671e-01  -9.9788642386597848e-02
   4.7121977798235060e-01  -8.7688098013774995e-01  -9.5035085683778761e-02
   5.6960528822039003e-01  -8.1584152169007762e-01  -9.9761852016614583e-02
   6.6054848217393924e-01  -7.4255209093782959e-01  -1.1086972058033788e-01
   7.4216089124574769e-01  -6.5939823320981295e-01  -1.1996325081079869e-01
   8.1433081644966820e-01  -5.6167569919414528e-01  -1.4623860747143649e-01
   8.8060951625884909e-01  -4.4772566460104157e-01  -1.5514061084033257e-01
   9.3374017799586395e-01  -3.2671534131463748e-01  -1.4624078003728039e-01
   9.6703656009193606e-01  -2.1129499347714312e-01  -1.4210811791396491e-01
   9.8395208724424565e-01  -1.0029201783019720e-01  -1.4757981287167879e-01
   9.8816372454236667e-01   2.4821215376498573e-02  -1.5138150734416420e-01
   9.7801395961970394e-01   1.5030774937914032e-01  -1.4455544011058730e-01
   9.5292306052615161e-01   2.6978460506059376e-01  -1.3839764300656240e-01
   9.1218229772326398e-01   3.8761210052710610e-01  -1.3296734653767847e-01
   8.7424913280826289e-01   4.7774531743948989e-01  -8.6301016498308791e-02
   8.1979540130271866e-01   5.6035119068734851e-01  -1.1807642905417336e-01
   7.4122113255741851e-01   6.6147904464191909e-01  -1.1417839616105932e-01
   6.4988787926832126e-01   7.5030575068617755e-01  -1.2119003617201954e-01
   5.5955996152068721e-01   8.2025917102217927e-01  -1.1860666851815019e-01
   4.6664822241075338e-01   8.7402692726130204e-01  -1.3533797302697675e-01
   3.6191612058213013e-01   9.2178398509058224e-01  -1.3903598992097788e-01
   2.4839746521332215e-01   9.6169234812473603e-01  -1.1595916019844173e-01
   1.3297309866834048e-01   9.8710267893319037e-01  -8.9142898053959849e-02
   1.0395047306817019e-02   9.9619676879353036e-01  -8.6509773071130683e-02
  -1.0087487506536268e-01   9.9036710674419237e-01  -9.4853853162036220e-02
  -2.1046257469180374e-01   9.7261767109547914e-01  -9.8591939462124994e-02
  -3.2744129098087038e-01   9.3859412227123196e-01  -1.0873488216150669e-01
  -4.4679523912113778e-01   8.8761058561190986e-01  -1.1189934141168000e-01
  -5.5051480872533831e-01   8.2717896634284349e-01  -1.1273155287712990e-01
  -6.3941458569279308e-01   7.6060394676805720e-01  -1.1238604790706123e-01
  -7.2401992760734424e-01   6.8442980601883996e-01  -8.5737885794257285e-02
  -8.0507090553611538e-01   5.8916495246244238e-01  -6.8887559466040971e-02
  -8.6725460812921540e-01   4.9523380214716994e-01  -5.1116786768133624e-02
  -9.1754179054985074e-01   3.9439824885633040e-01  -5.0666398072430001e-02
  -9.5755345859552832e-01   2.8370120394911308e-01  -5.1039208551521241e-02
  -9.8486363808835353e-01   1.6454437957734999e-01  -5.4486342516978765e-02
  -9.9752826289883623e-01   4.5688511786125229e-02  -5.3384685152198047e-02
  -9.9627995105365008e-01  -7.7457837634793997e-02  -3.7769597793441100e-02
  -9.7647553947631072e-01  -2.1256671800854482e-01  -3.6206507695768164e-02
  -9.3957712666890014e-01  -3.3530293641739622e-01  -6.9041754543791981e-02
  -8.8522343058973485e-01  -4.6147750918038793e-01  -5.8463548092858232e-02
  -8.4230701488064430e-01  -5.3895496408801857e-01  -6.8146436253653433e-03
  -5.2524061542138678e-02  -9.9859577142729850e-01  -6.9071156524473532e-03
   7.9137027722407022e-02  -9.9680276695237191e-01  -1.1026089032752318e-02
   1.9530824459866081e-01  -9.8069843396737733e-01  -9.2342409391994069e-03
   6.8555896764647772e-01  -7.2798092472861586e-01  -7.2577621044644302e-03
   7.6674081521245196e-01  -6.4156739086174186e-01  -2.2356325060292091e-02
   8.3343374236611545e-01  -5.5046738052745880e-01  -4.8722274791405951e-02
   8.9064482469635231e-01  -4.5098848606673481e-01  -5.7975699019833161e-02
   9.3769105771308092e-01  -3.4370350776885800e-01  -5.1023318515227012e-02
   9.7374712965938515e-01  -2.2356803160391822e-01  -4.2823623443817689e-02
   9.9391730208328699e-01  -1.0041229724861374e-01  -4.5230157867687609e-02
   9.9834461655607010e-01   1.6467097118832805e-02  -5.5107724558291021e-02
   9.8803838840606473e-01   1.4533983663159530e-01  -5.1541002355867248e-02
   9.5886852476410533e-01   2.8050378117742619e-01  -4.3460107706663101e-02
   9.2085248887444837e-01   3.8933503829726873e-01  -2.1187772129186083e-02
   5.0750812484379659e-01   8.6155817350213126e-01  -1.2369999563648520e-02
   4.1483608812049022e-01   9.0929559374217039e-01  -3.3053641160431690e-02
   3.0875611408493331e-01   9.5068611483370902e-01  -2.9420623337369417e-02
   7.7854544995570008e-01   6.2714965141974388e-01  -2.3458411654890699e-02
   6.9029928485043945e-01   7.2308273399445988e-01  -2.5263751385512182e-02
   5.9933290945113948e-01   8.0039810532857991e-01  -1.2764663538528453e-02
   1.8680440665995793e-01   9.8238217821988150e-01  -5.4193697403019563e-03
  -3.0131374767953201e-01   9.5352218507333053e-01  -2.3383824102697877e-03
  -4.0547000943721129e-01   9.1401518716989139e-01  -1.3050251713133246e-02
  -5.0828448812897709e-01   8.6114429014855076e-01  -8.7971968269612583e-03
  -6.0245668067938618e-01   7.9813751070941408e-01  -4.7393990500845971e-03
