   0.0000000000000000e+00   0.0000000000000000e+00   1.0000000000000000e+00
   8.9442719099991586e-01   0.0000000000000000e+00   4.4721359549995804e-01
   2.7639320225002084e-01  -8.5065080835203999e-01   4.4721359549995804e-01
  -7.2360679774997894e-01   5.2573111211913381e-01   4.4721359549995782e-01
  -7.2360679774997883e-01  -5.2573111211913381e-01   4.4721359549995804e-01
   2.7639320225002106e-01   8.5065080835203999e-01   4.4721359549995782e-01
  -0.0000000000000000e+00  -0.0000000000000000e+00  -1.0000000000000000e+00
  -8.9442719099991586e-01  -0.0000000000000000e+00  -4.4721359549995804e-01
  -2.7639320225002084e-01   8.5065080835203999e-01  -4.4721359549995804e-01
   7.2360679774997894e-01  -5.2573111211913381e-01  -4.4721359549995782e-01
   7.2360679774997883e-01   5.2573111211913381e-01  -4.4721359549995804e-01
  -2.7639320225002106e-01  -8.5065080835203999e-01  -4.4721359549995782e-01
