   0.0000000000000000e+00   0.0000000000000000e+00   1.0000000000000000e+00
   2.0690781542456391e-01   0.0000000000000000e+00   9.7836044273888889e-01
   1.3140804310186938e-01   1.3040795507893538e-01   9.8271343303135306e-01
  -4.4364861520959982e-02   1.7469626823429060e-01   9.8362237313271750e-01
  -1.6469017797382085e-01   3.3294659209933623e-02   9.8578324744694545e-01
  -5.4268226885186927e-02  -1.5900009739279289e-01   9.8578594460451718e-01
   1.1250250737526721e-01  -1.5054930492116106e-01   9.8218027501168703e-01
   3.6254276932963997e-01   1.1145457695975519e-01   9.2527867028345434e-01
   2.8675494586633010e-01   2.3549950675111397e-01   9.2860733539057294e-01
   1.2201271432763834e-01   2.9707414313156577e-01   9.4702684810149296e-01
  -4.6820889520424000e-02   3.3850584740119338e-01   9.3979869949884276e-01
  -2.0208520320042336e-01   2.3627118692190172e-01   9.5044068561797135e-01
  -3.1969718991265456e-01   1.3385497985958031e-01   9.3801735118746254e-01
  -2.7016074940871349e-01  -6.3642724085449562e-02   9.6070951548837369e-01
  -1.9615600894661436e-01  -2.1712029823619797e-01   9.5623302403125576e-01
  -6.0363739262166129e-02  -3.4148300382400193e-01   9.3794753429049849e-01
   8.9866965448603522e-02  -3.3406803984703426e-01   9.3825501505391373e-01
   2.4526141581240912e-01  -2.2376615321405322e-01   9.4327914563477833e-01
   3.4636228947292380e-01  -7.0492136803559036e-02   9.3544856784322616e-01
   4.9767845827305268e-01   1.7378458255361780e-02   8.6718748916230559e-01
   4.4643904419430225e-01   2.7911317185879875e-01   8.5016940495044779e-01
   3.5794267172855576e-01   4.1357363391257090e-01   8.3715822464345069e-01
   2.0795312197359961e-01   4.1828458447640338e-01   8.8419087614091330e-01
   2.6859221728799801e-02   4.7812530476816112e-01   8.7788084336570205e-01
  -1.5041175190375944e-01   4.6956273885227184e-01   8.6999260868745032e-01
  -2.7214398484568020e-01   3.7551391196347206e-01   8.8596103381255087e-01
  -4.0978456582951978e-01   2.8487951462386785e-01   8.6655656004416781e-01
  -4.5367841044560847e-01   8.1228106336500086e-02   8.8745585503535462e-01
  -4.2805122046289817e-01  -7.8348244907855177e-02   9.0035198960189011e-01
  -3.7754302965791814e-01  -2.3317719368311488e-01   8.9615269742538151e-01
  -2.7361299746590734e-01  -3.6130558970030691e-01   8.9140013376094740e-01
  -1.5768774858639598e-01  -4.6874014628054611e-01   8.6914742662602751e-01
   1.4126708593139312e-02  -5.0597405213335711e-01   8.6243300880246654e-01
   2.0771721653347364e-01  -4.2363252283713915e-01   8.8169668455213479e-01
   3.5767821201660488e-01  -3.2627128496131019e-01   8.7499334012225494e-01
   4.4610767781528898e-01  -1.8509954443501522e-01   8.7562897304977305e-01
   5.5186357120368434e-01   1.5687308918434367e-01   8.1904666086131928e-01
   5.6468151343128048e-01   3.5259151234367297e-01   7.4619971442781996e-01
   4.7910546599682569e-01   4.9115642926991748e-01   7.2747736352328451e-01
   3.0355788729520217e-01   5.6747198769866347e-01   7.6539411562815218e-01
   1.3869562178104466e-01   5.7281125608874695e-01   8.0786805197185596e-01
  -3.8654833098810085e-02   6.2463515272574033e-01   7.7995944116177873e-01
  -1.9110230085340399e-01   6.1017758522447907e-01   7.6887139698271956e-01
  -3.3693360193905431e-01   5.1919940791279584e-01   7.8543473484903703e-01
  -4.6315145586961792e-01   4.2421834885044307e-01   7.7815777412068377e-01
  -5.4480074388953936e-01   2.3638242564447701e-01   8.0455919502783491e-01
  -6.0496816479265847e-01   7.7922346777479945e-02   7.9242767964028926e-01
  -5.8515607695827332e-01  -8.1278817856971677e-02   8.0683710832272493e-01
  -5.4167695401995630e-01  -2.3326000548816014e-01   8.0757405067481314e-01
  -4.6254958713906030e-01  -3.7581856235833117e-01   8.0299955642852139e-01
  -3.5763026174255713e-01  -4.9281604130931062e-01   7.9324204711687463e-01
  -2.1795548387138852e-01  -5.9588049026673251e-01   7.7293068794677011e-01
  -4.7330628187504158e-02  -6.3233786164495720e-01   7.7324552398682478e-01
   1.4642291393329354e-01  -5.7433032832267794e-01   8.0542225214110408e-01
   3.2537759643992226e-01  -5.1016037322433183e-01   7.9615690245490534e-01
   4.7333662275853350e-01  -4.0673012422019028e-01   7.8135974276089648e-01
   5.7061423493838825e-01  -2.7323070831461754e-01   7.7443164638305573e-01
   5.8817802873125402e-01  -1.0399746939223665e-01   8.0201691558085408e-01
   6.7458592915933713e-01   5.1948534168032807e-02   7.3636619556985805e-01
   6.7389710707589190e-01   2.2575467936458915e-01   7.0348952644636820e-01
   6.8787332826937231e-01   3.8122592476734884e-01   6.1765449770959824e-01
   5.8862946280962125e-01   5.2834898956911536e-01   6.1185186175556550e-01
   4.1071236378965664e-01   6.3598109088876020e-01   6.5333253880566466e-01
   2.1424604921453316e-01   6.9591530636922272e-01   6.8541995649163501e-01
   5.7408490085898004e-02   7.2314435372891839e-01   6.8830698742352048e-01
  -1.0156571763129379e-01   7.6339464354337716e-01   6.3789734535528553e-01
  -2.5570410263396487e-01   7.1631165771073513e-01   6.4924034141745801e-01
  -3.9876314650700312e-01   6.2032747019342260e-01   6.7541230571500743e-01
  -5.4867540944468129e-01   5.3321643877424429e-01   6.4392198633966824e-01
  -6.0800727382281505e-01   3.9199796548832105e-01   6.9040911786531722e-01
  -6.7881313031634738e-01   2.4696129671108941e-01   6.9153658763430503e-01
  -7.3236025518832137e-01   8.4244806686159121e-02   6.7568577694584375e-01
  -7.1837772181412685e-01  -8.5961827639184599e-02   6.9032167356246044e-01
  -6.8434037880163801e-01  -2.4380948115816428e-01   6.8719370110545785e-01
  -6.1584638532065894e-01  -3.8307142498705754e-01   6.8846896302292648e-01
  -5.2140241339717153e-01  -5.1533342570389473e-01   6.8012571165623015e-01
  -3.8037392853371921e-01  -6.2557395653399350e-01   6.8115556181993420e-01
  -1.9486906527207593e-01  -7.2098412809181311e-01   6.6498716862784313e-01
  -4.6113322204756448e-03  -7.4572141090126798e-01   6.6624193273808185e-01
   1.4768213632134644e-01  -7.0376884350119839e-01   6.9490963551281193e-01
   3.0037400732417963e-01  -6.5170293350058772e-01   6.9646158701736183e-01
   4.5740715641534829e-01  -5.6508113597824416e-01   6.8663090741792432e-01
   6.0089966794488203e-01  -4.4192414980475048e-01   6.6605002430979543e-01
   6.9400550643926906e-01  -2.6462611907208067e-01   6.6957402438925506e-01
   7.2129370872042309e-01  -9.1411231128750756e-02   6.8657073385330347e-01
   7.8611804401238183e-01   1.1350609741899340e-01   6.0756463584285159e-01
   7.9710520959254516e-01   2.6018955169881802e-01   5.4490795739023001e-01
   7.4900549490484059e-01   4.4982322722345203e-01   4.8646668216089939e-01
   6.2390066740996308e-01   6.0827463112599589e-01   4.9066274602208831e-01
   4.7994034138949293e-01   7.0060961571218205e-01   5.2801840410971046e-01
   3.1368342650089120e-01   7.6669299673186198e-01   5.6016475853178871e-01
   1.6380722550193827e-01   8.2320042346612154e-01   5.4360671047969533e-01
   8.1255608795607684e-03   8.4389116840197964e-01   5.3645286014106985e-01
  -1.9733563078200519e-01   8.4065717721324973e-01   5.0433536384405864e-01
  -3.7015085788027008e-01   7.6159526642601283e-01   5.3194077919256255e-01
  -5.1147333247595905e-01   6.6799698903741589e-01   5.4053219404849828e-01
  -6.6156096838510969e-01   5.6072029731335937e-01   4.9792552986382804e-01
  -7.2043415733295801e-01   4.2937218721955445e-01   5.4462294276889089e-01
  -7.8016927671025060e-01   2.8432803980539861e-01   5.5721940513394186e-01
  -8.2776033612146493e-01   1.2138678794570347e-01   5.4779382403994326e-01
  -8.2602838562408587e-01  -6.1359877655927077e-02   5.6027856603417947e-01
  -8.0187673535767556e-01  -2.3220673608875456e-01   5.5052132838530754e-01
  -7.5137405511606736e-01  -3.8114868278853670e-01   5.3866753281314472e-01
  -6.6270491808421883e-01  -5.0789625360760815e-01   5.5033043448308849e-01
  -5.2623685123815434e-01  -6.3838813257038773e-01   5.6172534978603705e-01
  -3.4566090552412726e-01  -7.4189521439840256e-01   5.7455202483760226e-01
  -1.4344952937457703e-01  -8.2241044703150357e-01   5.5051184286594124e-01
   3.3847828624884550e-02  -8.4833623743595332e-01   5.2837482221467591e-01
   1.8622079348032033e-01  -8.1357945777211382e-01   5.5082690744624418e-01
   3.3244003900531294e-01  -7.5908422436519496e-01   5.5970953251310307e-01
   4.7416186366566115e-01  -6.7510779736293991e-01   5.6515483629255692e-01
   6.1279922549656329e-01  -5.5869326412547138e-01   5.5887292460060956e-01
   7.3133328141375065e-01  -3.8739331150918782e-01   5.6131813946686349e-01
   8.0814532421061225e-01  -1.9079557328591298e-01   5.5722363927872276e-01
   8.3536516499823843e-01  -2.3721374283940447e-02   5.4918333688263610e-01
   9.0594606445849224e-01   3.7459182485661290e-02   4.2173278025270372e-01
   8.8525850497660219e-01   1.9553966430809025e-01   4.2199717895842698e-01
   8.5148242643515226e-01   3.5829122385061390e-01   3.8289042346830088e-01
   7.5706364315533847e-01   5.4508640869680347e-01   3.6018807207677989e-01
   6.4568358051711516e-01   6.8359536505298957e-01   3.4027943036373509e-01
   5.0878274585159022e-01   7.7396588763224894e-01   3.7698398149701451e-01
   3.6521840257848692e-01   8.3809719207229882e-01   4.0522662185318781e-01
   2.2725660814731283e-01   8.9542568935092970e-01   3.8284104913631062e-01
   6.4156303141052529e-02   9.2044501109730614e-01   3.8557094070138814e-01
  -1.1121042877485503e-01   9.1035424373276708e-01   3.9860681309964396e-01
  -3.2772596467145382e-01   8.6008238903275869e-01   3.9096544112730391e-01
  -4.8634469525965718e-01   7.8329383983663370e-01   3.8719452199995436e-01
  -6.1940118522636556e-01   6.8298800635514656e-01   3.8712989411203541e-01
  -7.5983862061748042e-01   5.5444792451189318e-01   3.3945952575024124e-01
  -8.2115997936536100e-01   4.1585456670344390e-01   3.9084685957619120e-01
  -8.7601972024673069e-01   2.6292141746022041e-01   4.0430406624166942e-01
  -9.0972931086099362e-01   9.7972577946826817e-02   4.0347732889325344e-01
  -9.0294574930312788e-01  -7.1538531694660817e-02   4.2375843625630033e-01
  -8.7967675013332680e-01  -2.5352312482664957e-01   4.0236157924558308e-01
  -8.3405025524253007e-01  -4.0822540349396680e-01   3.7109593324645651e-01
  -7.4423264541086109e-01  -5.3968462555672236e-01   3.9352036089947351e-01
  -6.2041183554302659e-01  -6.5642846626401619e-01   4.2917458335321301e-01
  -4.5858759707418945e-01  -7.6483541279746226e-01   4.5246459214026502e-01
  -2.7909734716691242e-01  -8.4846880536124736e-01   4.4967249986323354e-01
  -9.2920763890761635e-02  -9.0959174672970033e-01   4.0497973519568847e-01
   8.5635012485836423e-02  -9.2302604621488704e-01   3.7508607364905466e-01
   2.4558683826207811e-01  -8.8459204541497549e-01   3.9646439696520802e-01
   3.9938399950874720e-01  -8.2200364671352155e-01   4.0595865026634076e-01
   5.3857106368770236e-01  -7.3074673112986155e-01   4.1946444938912131e-01
   6.6428687246940421e-01  -6.2026644607187220e-01   4.1712406660631152e-01
   7.6145950749395130e-01  -4.8347817223599998e-01   4.3177340749333543e-01
   8.4143645368445030e-01  -3.1847195986090737e-01   4.3653213535006646e-01
   8.9932599412617276e-01  -1.6434417916790237e-01   4.0522061529813547e-01
   9.6021566976588446e-01   1.0373718879410186e-01   2.5927680805878267e-01
   9.3777433300745872e-01   2.5241506979077094e-01   2.3846578977902935e-01
   8.7598820411244771e-01   4.1932431842803203e-01   2.3835222304546519e-01
   7.9174785229238409e-01   5.7435835108926125e-01   2.0796110916328078e-01
   6.7046651111259303e-01   7.1828267302748283e-01   1.8586193560006120e-01
   5.2694848186873744e-01   8.2360323287076254e-01   2.0976894970672239e-01
   3.9285538768518025e-01   8.9286116046262309e-01   2.2014448097570999e-01
   2.5162463594697793e-01   9.4478623954081542e-01   2.0991427812055949e-01
   8.4152784024038030e-02   9.6986238198067887e-01   2.2865972308162894e-01
  -9.1449944709585215e-02   9.6663752260570235e-01   2.3926723031648953e-01
  -2.5222182285564576e-01   9.3228978606030999e-01   2.5926802132734483e-01
  -4.1388311089419039e-01   8.8213475953861153e-01   2.2480888890411627e-01
  -5.5672409961411617e-01   7.9837783609621971e-01   2.2945829193814168e-01
  -6.9880002236690109e-01   6.7605300849991123e-01   2.3373245054599817e-01
  -8.4272255326395207e-01   4.9695598045976846e-01   2.0701075263269683e-01
  -9.1164170469504169e-01   3.3074076599942115e-01   2.4396710427193799e-01
  -9.5700490201129784e-01   1.7132548351557925e-01   2.3407092135611232e-01
  -9.6803806438154172e-01   1.4520251355741160e-02   2.5038264358578088e-01
  -9.4898758882572187e-01  -1.5525132123175478e-01   2.7444413550035451e-01
  -9.1639624695087929e-01  -3.2965496487089535e-01   2.2703639071812245e-01
  -8.3999178926241802e-01  -4.9896772543714141e-01   2.1317833600956490e-01
  -7.3447716207768565e-01  -6.3237574010413200e-01   2.4626047533873624e-01
  -6.0827809362055318e-01  -7.3942399111775958e-01   2.8853062607083635e-01
  -4.6160357762766657e-01  -8.2945834095056548e-01   3.1451708657698441e-01
  -2.9113924717858841e-01  -9.0415691076820814e-01   3.1263112363035012e-01
  -1.1768903403514000e-01  -9.5734909370556920e-01   2.6387876771161589e-01
   6.4018051998046596e-02  -9.7237771204027446e-01   2.2446218867706119e-01
   2.4993191390267513e-01  -9.3849369981096731e-01   2.3825115703405850e-01
   4.2081024217893043e-01  -8.7129787412006632e-01   2.5250495961696051e-01
   5.7621148240342246e-01  -7.7481223094889751e-01   2.6008908919530377e-01
   6.9695459974154561e-01  -6.7397801201751151e-01   2.4496515102362040e-01
   7.9317551692671140e-01  -5.4628487857122110e-01   2.6915688880738370e-01
   8.7244521323421298e-01  -3.9812767892304163e-01   2.8343200450912426e-01
   9.3299045309443174e-01  -2.6668750493419735e-01   2.4167455212872394e-01
   9.5421318515302056e-01  -8.0945314588654074e-02   2.8796710459056124e-01
   9.9162041606168172e-01  -1.9689983684095282e-02   1.2767636818212430e-01
   9.8983303270239020e-01   1.2778886023437352e-01   6.2454580065746598e-02
   9.5422700116255499e-01   2.8961887002266479e-01   7.4644091387813014e-02
   8.8835470251477933e-01   4.5273203507453852e-01   7.6548200090824012e-02
   7.8090845715892798e-01   6.2204788899894981e-01   5.6906988407514777e-02
   6.3582880415582144e-01   7.7075015922094470e-01   4.0815730627620186e-02
   4.9500474093789731e-01   8.6822621130125721e-01   3.3963987670318899e-02
   3.6139048266213353e-01   9.3215551410728459e-01   2.1977637739625026e-02
   2.0819132759477502e-01   9.7701951245786189e-01   4.5708242045905581e-02
   3.5403838028113685e-02   9.9671872180702548e-01   7.2789819701991693e-02
  -1.4210170704443104e-01   9.8684117368304569e-01   7.7146631675837532e-02
  -3.0402116598233725e-01   9.4902877576559341e-01   8.3159565917572328e-02
  -4.5667338279403785e-01   8.8839283154896320e-01   4.6985085930172678e-02
  -6.0108660071836939e-01   7.9543945408488592e-01   7.7272073364018951e-02
  -7.4082894780806008e-01   6.6483431353961397e-01   9.5748658632447387e-02
  -8.4762403157720734e-01   5.2671442327815798e-01   6.4073531224357369e-02
  -9.3191326590031476e-01   3.5239703833982794e-01   8.5755420868461343e-02
  -9.8092380164930815e-01   1.8497356430669692e-01   5.9776884040112367e-02
  -9.9758357140824439e-01   3.0818636510725035e-02   6.2267404795703502e-02
  -9.8565050961136902e-01  -1.2621723489392944e-01   1.1208158866905438e-01
  -9.5037051159504504e-01  -2.9887505323987046e-01   8.6426808580653700e-02
  -8.7417050367580029e-01  -4.8087783760249220e-01   6.7693691035048686e-02
  -7.5696959128795127e-01  -6.4803113872015328e-01   8.3980242405066297e-02
  -6.2743156091699792e-01  -7.6936707636250967e-01   1.2001640793934681e-01
  -4.9034275744193506e-01  -8.5879643140163331e-01   1.4843405820787661e-01
  -3.4184580094402722e-01  -9.2610070828147995e-01   1.5962119689276119e-01
  -1.8501134547071874e-01  -9.7547352592918068e-01   1.1925687509911675e-01
  -1.0520595157946830e-02  -9.9649179512727870e-01   8.3026618150664089e-02
   1.8028366123833484e-01  -9.8032406336959199e-01   8.0389876657658746e-02
   3.5237840314200669e-01  -9.3093746102902886e-01   9.5837908219632714e-02
   5.2293369718640925e-01  -8.4534354147965307e-01   1.0924580186712397e-01
   6.5997757258778222e-01  -7.4802737021246057e-01   6.9890321892012261e-02
   7.7249891465308995e-01  -6.2997785132104012e-01   7.9833161685627277e-02
   8.6376126262787967e-01  -4.9113721982438641e-01   1.1269743779990535e-01
   9.3071932241101707e-01  -3.5888266190797546e-01   7.0461179898034326e-02
   9.7681067339379701e-01  -1.8462725311865893e-01   1.0841441670652263e-01
  -0.0000000000000000e+00  -0.0000000000000000e+00  -1.0000000000000000e+00
  -2.0690781542456391e-01  -0.0000000000000000e+00  -9.7836044273888889e-01
  -1.3140804310186938e-01  -1.3040795507893538e-01  -9.8271343303135306e-01
   4.4364861520959982e-02  -1.7469626823429060e-01  -9.8362237313271750e-01
   1.6469017797382085e-01  -3.3294659209933623e-02  -9.8578324744694545e-01
   5.4268226885186927e-02   1.5900009739279289e-01  -9.8578594460451718e-01
  -1.1250250737526721e-01   1.5054930492116106e-01  -9.8218027501168703e-01
  -3.6254276932963997e-01  -1.1145457695975519e-01  -9.2527867028345434e-01
  -2.8675494586633010e-01  -2.3549950675111397e-01  -9.2860733539057294e-01
  -1.2201271432763834e-01  -2.9707414313156577e-01  -9.4702684810149296e-01
   4.6820889520424000e-02  -3.3850584740119338e-01  -9.3979869949884276e-01
   2.0208520320042336e-01  -2.3627118692190172e-01  -9.5044068561797135e-01
   3.1969718991265456e-01  -1.3385497985958031e-01  -9.3801735118746254e-01
   2.7016074940871349e-01   6.3642724085449562e-02  -9.6070951548837369e-01
   1.9615600894661436e-01   2.1712029823619797e-01  -9.5623302403125576e-01
   6.0363739262166129e-02   3.4148300382400193e-01  -9.3794753429049849e-01
  -8.9866965448603522e-02   3.3406803984703426e-01  -9.3825501505391373e-01
  -2.4526141581240912e-01   2.2376615321405322e-01  -9.4327914563477833e-01
  -3.4636228947292380e-01   7.0492136803559036e-02  -9.3544856784322616e-01
  -4.9767845827305268e-01  -1.7378458255361780e-02  -8.6718748916230559e-01
  -4.4643904419430225e-01  -2.7911317185879875e-01  -8.5016940495044779e-01
  -3.5794267172855576e-01  -4.1357363391257090e-01  -8.3715822464345069e-01
  -2.0795312197359961e-01  -4.1828458447640338e-01  -8.8419087614091330e-01
  -2.6859221728799801e-02  -4.7812530476816112e-01  -8.7788084336570205e-01
   1.5041175190375944e-01  -4.6956273885227184e-01  -8.6999260868745032e-01
   2.7214398484568020e-01  -3.7551391196347206e-01  -8.8596103381255087e-01
   4.0978456582951978e-01  -2.8487951462386785e-01  -8.6655656004416781e-01
   4.5367841044560847e-01  -8.1228106336500086e-02  -8.8745585503535462e-01
   4.2805122046289817e-01   7.8348244907855177e-02  -9.0035198960189011e-01
   3.7754302965791814e-01   2.3317719368311488e-01  -8.9615269742538151e-01
   2.7361299746590734e-01   3.6130558970030691e-01  -8.9140013376094740e-01
   1.5768774858639598e-01   4.6874014628054611e-01  -8.6914742662602751e-01
  -1.4126708593139312e-02   5.0597405213335711e-01  -8.6243300880246654e-01
  -2.0771721653347364e-01   4.2363252283713915e-01  -8.8169668455213479e-01
  -3.5767821201660488e-01   3.2627128496131019e-01  -8.7499334012225494e-01
  -4.4610767781528898e-01   1.8509954443501522e-01  -8.7562897304977305e-01
  -5.5186357120368434e-01  -1.5687308918434367e-01  -8.1904666086131928e-01
  -5.6468151343128048e-01  -3.5259151234367297e-01  -7.4619971442781996e-01
  -4.7910546599682569e-01  -4.9115642926991748e-01  -7.2747736352328451e-01
  -3.0355788729520217e-01  -5.6747198769866347e-01  -7.6539411562815218e-01
  -1.3869562178104466e-01  -5.7281125608874695e-01  -8.0786805197185596e-01
   3.8654833098810085e-02  -6.2463515272574033e-01  -7.7995944116177873e-01
   1.9110230085340399e-01  -6.1017758522447907e-01  -7.6887139698271956e-01
   3.3693360193905431e-01  -5.1919940791279584e-01  -7.8543473484903703e-01
   4.6315145586961792e-01  -4.2421834885044307e-01  -7.7815777412068377e-01
   5.4480074388953936e-01  -2.3638242564447701e-01  -8.0455919502783491e-01
   6.0496816479265847e-01  -7.7922346777479945e-02  -7.9242767964028926e-01
   5.8515607695827332e-01   8.1278817856971677e-02  -8.0683710832272493e-01
   5.4167695401995630e-01   2.3326000548816014e-01  -8.0757405067481314e-01
   4.6254958713906030e-01   3.7581856235833117e-01  -8.0299955642852139e-01
   3.5763026174255713e-01   4.9281604130931062e-01  -7.9324204711687463e-01
   2.1795548387138852e-01   5.9588049026673251e-01  -7.7293068794677011e-01
   4.7330628187504158e-02   6.3233786164495720e-01  -7.7324552398682478e-01
  -1.4642291393329354e-01   5.7433032832267794e-01  -8.0542225214110408e-01
  -3.2537759643992226e-01   5.1016037322433183e-01  -7.9615690245490534e-01
  -4.7333662275853350e-01   4.0673012422019028e-01  -7.8135974276089648e-01
  -5.7061423493838825e-01   2.7323070831461754e-01  -7.7443164638305573e-01
  -5.8817802873125402e-01   1.0399746939223665e-01  -8.0201691558085408e-01
  -6.7458592915933713e-01  -5.1948534168032807e-02  -7.3636619556985805e-01
  -6.7389710707589190e-01  -2.2575467936458915e-01  -7.0348952644636820e-01
  -6.8787332826937231e-01  -3.8122592476734884e-01  -6.1765449770959824e-01
  -5.8862946280962125e-01  -5.2834898956911536e-01  -6.1185186175556550e-01
  -4.1071236378965664e-01  -6.3598109088876020e-01  -6.5333253880566466e-01
  -2.1424604921453316e-01  -6.9591530636922272e-01  -6.8541995649163501e-01
  -5.7408490085898004e-02  -7.2314435372891839e-01  -6.8830698742352048e-01
   1.0156571763129379e-01  -7.6339464354337716e-01  -6.3789734535528553e-01
   2.5570410263396487e-01  -7.1631165771073513e-01  -6.4924034141745801e-01
   3.9876314650700312e-01  -6.2032747019342260e-01  -6.7541230571500743e-01
   5.4867540944468129e-01  -5.3321643877424429e-01  -6.4392198633966824e-01
   6.0800727382281505e-01  -3.9199796548832105e-01  -6.9040911786531722e-01
   6.7881313031634738e-01  -2.4696129671108941e-01  -6.9153658763430503e-01
   7.3236025518832137e-01  -8.4244806686159121e-02  -6.7568577694584375e-01
   7.1837772181412685e-01   8.5961827639184599e-02  -6.9032167356246044e-01
   6.8434037880163801e-01   2.4380948115816428e-01  -6.8719370110545785e-01
   6.1584638532065894e-01   3.8307142498705754e-01  -6.8846896302292648e-01
   5.2140241339717153e-01   5.1533342570389473e-01  -6.8012571165623015e-01
   3.8037392853371921e-01   6.2557395653399350e-01  -6.8115556181993420e-01
   1.9486906527207593e-01   7.2098412809181311e-01  -6.6498716862784313e-01
   4.6113322204756448e-03   7.4572141090126798e-01  -6.6624193273808185e-01
  -1.4768213632134644e-01   7.0376884350119839e-01  -6.9490963551281193e-01
  -3.0037400732417963e-01   6.5170293350058772e-01  -6.9646158701736183e-01
  -4.5740715641534829e-01   5.6508113597824416e-01  -6.8663090741792432e-01
  -6.0089966794488203e-01   4.4192414980475048e-01  -6.6605002430979543e-01
  -6.9400550643926906e-01   2.6462611907208067e-01  -6.6957402438925506e-01
  -7.2129370872042309e-01   9.1411231128750756e-02  -6.8657073385330347e-01
  -7.8611804401238183e-01  -1.1350609741899340e-01  -6.0756463584285159e-01
  -7.9710520959254516e-01  -2.6018955169881802e-01  -5.4490795739023001e-01
  -7.4900549490484059e-01  -4.4982322722345203e-01  -4.8646668216089939e-01
  -6.2390066740996308e-01  -6.0827463112599589e-01  -4.9066274602208831e-01
  -4.7994034138949293e-01  -7.0060961571218205e-01  -5.2801840410971046e-01
  -3.1368342650089120e-01  -7.6669299673186198e-01  -5.6016475853178871e-01
  -1.6380722550193827e-01  -8.2320042346612154e-01  -5.4360671047969533e-01
  -8.1255608795607684e-03  -8.4389116840197964e-01  -5.3645286014106985e-01
   1.9733563078200519e-01  -8.4065717721324973e-01  -5.0433536384405864e-01
   3.7015085788027008e-01  -7.6159526642601283e-01  -5.3194077919256255e-01
   5.1147333247595905e-01  -6.6799698903741589e-01  -5.4053219404849828e-01
   6.6156096838510969e-01  -5.6072029731335937e-01  -4.9792552986382804e-01
   7.2043415733295801e-01  -4.2937218721955445e-01  -5.4462294276889089e-01
   7.8016927671025060e-01  -2.8432803980539861e-01  -5.5721940513394186e-01
   8.2776033612146493e-01  -1.2138678794570347e-01  -5.4779382403994326e-01
   8.2602838562408587e-01   6.1359877655927077e-02  -5.6027856603417947e-01
   8.0187673535767556e-01   2.3220673608875456e-01  -5.5052132838530754e-01
   7.5137405511606736e-01   3.8114868278853670e-01  -5.3866753281314472e-01
   6.6270491808421883e-01   5.0789625360760815e-01  -5.5033043448308849e-01
   5.2623685123815434e-01   6.3838813257038773e-01  -5.6172534978603705e-01
   3.4566090552412726e-01   7.4189521439840256e-01  -5.7455202483760226e-01
   1.4344952937457703e-01   8.2241044703150357e-01  -5.5051184286594124e-01
  -3.3847828624884550e-02   8.4833623743595332e-01  -5.2837482221467591e-01
  -1.8622079348032033e-01   8.1357945777211382e-01  -5.5082690744624418e-01
  -3.3244003900531294e-01   7.5908422436519496e-01  -5.5970953251310307e-01
  -4.7416186366566115e-01   6.7510779736293991e-01  -5.6515483629255692e-01
  -6.1279922549656329e-01   5.5869326412547138e-01  -5.5887292460060956e-01
  -7.3133328141375065e-01   3.8739331150918782e-01  -5.6131813946686349e-01
  -8.0814532421061225e-01   1.9079557328591298e-01  -5.5722363927872276e-01
  -8.3536516499823843e-01   2.3721374283940447e-02  -5.4918333688263610e-01
  -9.0594606445849224e-01  -3.7459182485661290e-02  -4.2173278025270372e-01
  -8.8525850497660219e-01  -1.9553966430809025e-01  -4.2199717895842698e-01
  -8.5148242643515226e-01  -3.5829122385061390e-01  -3.8289042346830088e-01
  -7.5706364315533847e-01  -5.4508640869680347e-01  -3.6018807207677989e-01
  -6.4568358051711516e-01  -6.8359536505298957e-01  -3.4027943036373509e-01
  -5.0878274585159022e-01  -7.7396588763224894e-01  -3.7698398149701451e-01
  -3.6521840257848692e-01  -8.3809719207229882e-01  -4.0522662185318781e-01
  -2.2725660814731283e-01  -8.9542568935092970e-01  -3.8284104913631062e-01
  -6.4156303141052529e-02  -9.2044501109730614e-01  -3.8557094070138814e-01
   1.1121042877485503e-01  -9.1035424373276708e-01  -3.9860681309964396e-01
   3.2772596467145382e-01  -8.6008238903275869e-01  -3.9096544112730391e-01
   4.8634469525965718e-01  -7.8329383983663370e-01  -3.8719452199995436e-01
   6.1940118522636556e-01  -6.8298800635514656e-01  -3.8712989411203541e-01
   7.5983862061748042e-01  -5.5444792451189318e-01  -3.3945952575024124e-01
   8.2115997936536100e-01  -4.1585456670344390e-01  -3.9084685957619120e-01
   8.7601972024673069e-01  -2.6292141746022041e-01  -4.0430406624166942e-01
   9.0972931086099362e-01  -9.7972577946826817e-02  -4.0347732889325344e-01
   9.0294574930312788e-01   7.1538531694660817e-02  -4.2375843625630033e-01
   8.7967675013332680e-01   2.5352312482664957e-01  -4.0236157924558308e-01
   8.3405025524253007e-01   4.0822540349396680e-01  -3.7109593324645651e-01
   7.4423264541086109e-01   5.3968462555672236e-01  -3.9352036089947351e-01
   6.2041183554302659e-01   6.5642846626401619e-01  -4.2917458335321301e-01
   4.5858759707418945e-01   7.6483541279746226e-01  -4.5246459214026502e-01
   2.7909734716691242e-01   8.4846880536124736e-01  -4.4967249986323354e-01
   9.2920763890761635e-02   9.0959174672970033e-01  -4.0497973519568847e-01
  -8.5635012485836423e-02   9.2302604621488704e-01  -3.7508607364905466e-01
  -2.4558683826207811e-01   8.8459204541497549e-01  -3.9646439696520802e-01
  -3.9938399950874720e-01   8.2200364671352155e-01  -4.0595865026634076e-01
  -5.3857106368770236e-01   7.3074673112986155e-01  -4.1946444938912131e-01
  -6.6428687246940421e-01   6.2026644607187220e-01  -4.1712406660631152e-01
  -7.6145950749395130e-01   4.8347817223599998e-01  -4.3177340749333543e-01
  -8.4143645368445030e-01   3.1847195986090737e-01  -4.3653213535006646e-01
  -8.9932599412617276e-01   1.6434417916790237e-01  -4.0522061529813547e-01
  -9.6021566976588446e-01  -1.0373718879410186e-01  -2.5927680805878267e-01
  -9.3777433300745872e-01  -2.5241506979077094e-01  -2.3846578977902935e-01
  -8.7598820411244771e-01  -4.1932431842803203e-01  -2.3835222304546519e-01
  -7.9174785229238409e-01  -5.7435835108926125e-01  -2.0796110916328078e-01
  -6.7046651111259303e-01  -7.1828267302748283e-01  -1.8586193560006120e-01
  -5.2694848186873744e-01  -8.2360323287076254e-01  -2.0976894970672239e-01
  -3.9285538768518025e-01  -8.9286116046262309e-01  -2.2014448097570999e-01
  -2.5162463594697793e-01  -9.4478623954081542e-01  -2.0991427812055949e-01
  -8.4152784024038030e-02  -9.6986238198067887e-01  -2.2865972308162894e-01
   9.1449944709585215e-02  -9.6663752260570235e-01  -2.3926723031648953e-01
   2.5222182285564576e-01  -9.3228978606030999e-01  -2.5926802132734483e-01
   4.1388311089419039e-01  -8.8213475953861153e-01  -2.2480888890411627e-01
   5.5672409961411617e-01  -7.9837783609621971e-01  -2.2945829193814168e-01
   6.9880002236690109e-01  -6.7605300849991123e-01  -2.3373245054599817e-01
   8.4272255326395207e-01  -4.9695598045976846e-01  -2.0701075263269683e-01
   9.1164170469504169e-01  -3.3074076599942115e-01  -2.4396710427193799e-01
   9.5700490201129784e-01  -1.7132548351557925e-01  -2.3407092135611232e-01
   9.6803806438154172e-01  -1.4520251355741160e-02  -2.5038264358578088e-01
   9.4898758882572187e-01   1.5525132123175478e-01  -2.7444413550035451e-01
   9.1639624695087929e-01   3.2965496487089535e-01  -2.2703639071812245e-01
   8.3999178926241802e-01   4.9896772543714141e-01  -2.1317833600956490e-01
   7.3447716207768565e-01   6.3237574010413200e-01  -2.4626047533873624e-01
   6.0827809362055318e-01   7.3942399111775958e-01  -2.8853062607083635e-01
   4.6160357762766657e-01   8.2945834095056548e-01  -3.1451708657698441e-01
   2.9113924717858841e-01   9.0415691076820814e-01  -3.1263112363035012e-01
   1.1768903403514000e-01   9.5734909370556920e-01  -2.6387876771161589e-01
  -6.4018051998046596e-02   9.7237771204027446e-01  -2.2446218867706119e-01
  -2.4993191390267513e-01   9.3849369981096731e-01  -2.3825115703405850e-01
  -4.2081024217893043e-01   8.7129787412006632e-01  -2.5250495961696051e-01
  -5.7621148240342246e-01   7.7481223094889751e-01  -2.6008908919530377e-01
  -6.9695459974154561e-01   6.7397801201751151e-01  -2.4496515102362040e-01
  -7.9317551692671140e-01   5.4628487857122110e-01  -2.6915688880738370e-01
  -8.7244521323421298e-01   3.9812767892304163e-01  -2.8343200450912426e-01
  -9.3299045309443174e-01   2.6668750493419735e-01  -2.4167455212872394e-01
  -9.5421318515302056e-01   8.0945314588654074e-02  -2.8796710459056124e-01
  -9.9162041606168172e-01   1.9689983684095282e-02  -1.2767636818212430e-01
  -9.8983303270239020e-01  -1.2778886023437352e-01  -6.2454580065746598e-02
  -9.5422700116255499e-01  -2.8961887002266479e-01  -7.4644091387813014e-02
  -8.8835470251477933e-01  -4.5273203507453852e-01  -7.6548200090824012e-02
  -7.8090845715892798e-01  -6.2204788899894981e-01  -5.6906988407514777e-02
  -6.3582880415582144e-01  -7.7075015922094470e-01  -4.0815730627620186e-02
  -4.9500474093789731e-01  -8.6822621130125721e-01  -3.3963987670318899e-02
  -3.6139048266213353e-01  -9.3215551410728459e-01  -2.1977637739625026e-02
  -2.0819132759477502e-01  -9.7701951245786189e-01  -4.5708242045905581e-02
  -3.5403838028113685e-02  -9.9671872180702548e-01  -7.2789819701991693e-02
   1.4210170704443104e-01  -9.8684117368304569e-01  -7.7146631675837532e-02
   3.0402116598233725e-01  -9.4902877576559341e-01  -8.3159565917572328e-02
   4.5667338279403785e-01  -8.8839283154896320e-01  -4.6985085930172678e-02
   6.0108660071836939e-01  -7.9543945408488592e-01  -7.7272073364018951e-02
   7.4082894780806008e-01  -6.6483431353961397e-01  -9.5748658632447387e-02
   8.4762403157720734e-01  -5.2671442327815798e-01  -6.4073531224357369e-02
   9.3191326590031476e-01  -3.5239703833982794e-01  -8.5755420868461343e-02
   9.8092380164930815e-01  -1.8497356430669692e-01  -5.9776884040112367e-02
   9.9758357140824439e-01  -3.0818636510725035e-02  -6.2267404795703502e-02
   9.8565050961136902e-01   1.2621723489392944e-01  -1.1208158866905438e-01
   9.5037051159504504e-01   2.9887505323987046e-01  -8.6426808580653700e-02
   8.7417050367580029e-01   4.8087783760249220e-01  -6.7693691035048686e-02
   7.5696959128795127e-01   6.4803113872015328e-01  -8.3980242405066297e-02
   6.2743156091699792e-01   7.6936707636250967e-01  -1.2001640793934681e-01
   4.9034275744193506e-01   8.5879643140163331e-01  -1.4843405820787661e-01
   3.4184580094402722e-01   9.2610070828147995e-01  -1.5962119689276119e-01
   1.8501134547071874e-01   9.7547352592918068e-01  -1.1925687509911675e-01
   1.0520595157946830e-02   9.9649179512727870e-01  -8.3026618150664089e-02
  -1.8028366123833484e-01   9.8032406336959199e-01  -8.0389876657658746e-02
  -3.5237840314200669e-01   9.3093746102902886e-01  -9.5837908219632714e-02
  -5.2293369718640925e-01   8.4534354147965307e-01  -1.0924580186712397e-01
  -6.5997757258778222e-01   7.4802737021246057e-01  -6.9890321892012261e-02
  -7.7249891465308995e-01   6.2997785132104012e-01  -7.9833161685627277e-02
  -8.6376126262787967e-01   4.9113721982438641e-01  -1.1269743779990535e-01
  -9.3071932241101707e-01   3.5888266190797546e-01  -7.0461179898034326e-02
  -9.7681067339379701e-01   1.8462725311865893e-01  -1.0841441670652263e-01
