   0.0000000000000000e+00   0.0000000000000000e+00   1.0000000000000000e+00
   2.1431132914577350e-01   0.0000000000000000e+00   9.7676540387125299e-01
   1.5712633551817637e-01   2.5075498843396737e-01   9.5521371978322756e-01
  -6.6373787044223947e-02   2.2667968455653759e-01   9.7170512039546064e-01
  -2.5403064748311571e-01   5.4163977423278428e-02   9.6567835933555002e-01
  -1.6737276031537562e-01  -1.6858076993809415e-01   9.7137370929601097e-01
   6.8134484546915772e-02  -2.5103850125156441e-01   9.6557618182352367e-01
   2.7753055637899277e-01  -2.3458672273812439e-01   9.3163611984022665e-01
   4.6666994775369020e-01  -8.2694817587862568e-02   8.8055705494174430e-01
   3.8562314956244059e-01   1.3346494192094818e-01   9.1295229656295929e-01
   3.2529442015760174e-01   3.8463460295830210e-01   8.6385170163717284e-01
   7.9483394326255605e-02   4.6476902483595611e-01   8.8185721269342199e-01
  -1.6905766801321523e-01   4.0773914107128340e-01   8.9731170599986354e-01
  -3.5090091744766339e-01   2.3267250976221629e-01   9.0704578127861846e-01
  -4.7441032484839690e-01  -1.8754277278288871e-02   8.8010403973678453e-01
  -3.9192595231853739e-01  -2.1010303202257399e-01   8.9568452249334352e-01
  -1.6731223618731045e-01  -3.8467726306178590e-01   9.0776099216990769e-01
   5.4426219115553717e-02  -4.7014522884097149e-01   8.8090933158348161e-01
   2.9255628166792708e-01  -4.5587416761622851e-01   8.4058882062328633e-01
   4.9817173169507767e-01  -2.9780497571679326e-01   8.1433231679594276e-01
   6.7971887202934056e-01  -1.4534421684747698e-01   7.1892789181958616e-01
   6.2056748279569063e-01   7.4238612970921644e-02   7.8063091640081350e-01
   5.2956406161853298e-01   2.9420146640500083e-01   7.9561762286115167e-01
   4.0192284654929888e-01   5.5385000539389884e-01   7.2918323962285847e-01
   1.8971579515245665e-01   6.2430308443522253e-01   7.5779520705421366e-01
  -6.6849316498080624e-02   6.1937010709620843e-01   7.8224793979873852e-01
  -3.1906162469245802e-01   5.1846032308768553e-01   7.9334643947800110e-01
  -4.9934711583004016e-01   3.4883146892727984e-01   7.9307569890790164e-01
  -5.9988911213286189e-01   1.4971757277302647e-01   7.8595019024579427e-01
  -6.6456310161432530e-01  -9.2321590259711317e-02   7.4150698442069030e-01
  -6.1044071103335729e-01  -2.9304317513431527e-01   7.3585857052852777e-01
  -4.2214499084051249e-01  -4.0996790278649287e-01   8.0852948331715668e-01
  -2.4248389402304621e-01  -5.6039298564732665e-01   7.9193513798586768e-01
   3.9536306818942829e-03  -6.3998285405120814e-01   7.6837901801448294e-01
   2.8039830170953045e-01  -6.2293466771269668e-01   7.3029390806721328e-01
   5.2487382932964821e-01  -4.8359815843938025e-01   7.0045719672144957e-01
   7.0744205041746255e-01  -3.4122353698644126e-01   6.1894445882292148e-01
   8.1099405688183024e-01  -2.5776566870715788e-02   5.8448627725782420e-01
   7.3695037407742836e-01   2.1372275091905105e-01   6.4126962495250917e-01
   6.1475282547405741e-01   4.4641459662268140e-01   6.5022532363317842e-01
   5.0806643214488545e-01   6.5942663981943439e-01   5.5409837323711431e-01
   2.9132817547710804e-01   7.6705644326069056e-01   5.7162252144701098e-01
   7.7269386332732268e-02   7.8981807536494131e-01   6.0845447632717997e-01
  -1.6113311683455614e-01   7.4645711912695900e-01   6.4562983819202635e-01
  -3.8556364063906307e-01   6.5899297356249020e-01   6.4580874863415916e-01
  -5.7549931625124218e-01   5.0571672100124465e-01   6.4269054380323820e-01
  -7.2016379169993106e-01   3.5181019683891596e-01   5.9799138666417373e-01
  -7.6407366759975059e-01   1.4526609297989920e-01   6.2856120840457619e-01
  -8.1787230048168191e-01  -9.2021730468318408e-02   5.6799375104521854e-01
  -7.7201323731618909e-01  -3.2488714981564354e-01   5.4630019338569269e-01
  -6.0147443517936239e-01  -5.0455988249841555e-01   6.1939311329627489e-01
  -4.3634492348965304e-01  -6.2866172824865552e-01   6.4372939903364867e-01
  -2.0429650087998441e-01  -7.3535430162957083e-01   6.4615554691040200e-01
   7.2361136728779196e-02  -7.7730066695739397e-01   6.2495402954050105e-01
   3.0861594168092987e-01  -7.6388626325575004e-01   5.6677506768519736e-01
   5.2011008338656339e-01  -6.4229869198467882e-01   5.6297237182156001e-01
   7.1136154860556766e-01  -5.2355088192420896e-01   4.6889148126391861e-01
   8.4707606572748551e-01  -2.6272218257298380e-01   4.6199479829943152e-01
   9.1567897043086277e-01  -3.1290321197130939e-02   4.0069057751593751e-01
   8.5519908028932468e-01   2.2305418329877011e-01   4.6784758670448645e-01
   7.4265944495686109e-01   4.5965014055680736e-01   4.8700995585560081e-01
   6.3287885334778626e-01   6.7440619424527171e-01   3.8031650259855948e-01
   4.2237905214663601e-01   8.2756724966333450e-01   3.6976801320878666e-01
   2.0927445900103778e-01   9.0565625088118296e-01   3.6876951616106080e-01
  -2.4577253253433146e-02   8.9932054648865600e-01   4.3659880128770595e-01
  -2.5217267141169619e-01   8.5318061664080014e-01   4.5660900032907015e-01
  -4.6324198382039128e-01   7.5847640665239113e-01   4.5838892327130332e-01
  -6.4467869518717891e-01   6.1652251231542354e-01   4.5198381805108345e-01
  -7.9448507126536216e-01   4.8392856034885356e-01   3.6688774852147676e-01
  -8.6777796453726952e-01   2.8807695749431456e-01   4.0493588483162668e-01
  -9.0201319807759595e-01   5.5275541192194258e-02   4.2815511796513384e-01
  -8.9698509933546156e-01  -2.4496202926839986e-01   3.6798279278637430e-01
  -7.6100667833952484e-01  -5.0222151722518349e-01   4.1066091019072859e-01
  -6.0926982199672086e-01  -6.7426365761095308e-01   4.1732338064046132e-01
  -4.0645507431950456e-01  -7.8409366795461843e-01   4.6903240019576320e-01
  -1.5935653607892969e-01  -8.6148750172006550e-01   4.8212527292089230e-01
   7.2941001549807302e-02  -8.9833877731495881e-01   4.3320555336373023e-01
   2.8161512256100141e-01  -8.8949926498760412e-01   3.5983882549200308e-01
   4.9755866615153754e-01  -7.8066657603081402e-01   3.7814689051455669e-01
   7.0079754857791154e-01  -6.4566076701259512e-01   3.0332321020307240e-01
   8.6319056938362004e-01  -4.0580258497202865e-01   3.0037693479560201e-01
   9.5896448055943517e-01  -1.7929282445462896e-01   2.1963881288254689e-01
   9.7763145308212629e-01   7.4934413148899287e-02   1.9652372800901260e-01
   9.2251477689199579e-01   2.6929812668926217e-01   2.7648689910656787e-01
   8.1628706515889915e-01   4.9759923981129178e-01   2.9337761297259196e-01
   6.8455644342336397e-01   7.0715559678924356e-01   1.7695603323199624e-01
   4.9350085702455332e-01   8.5471928290567867e-01   1.6097158614250487e-01
   2.7662774545612817e-01   9.5084007141354621e-01   1.3921296289549273e-01
   2.6895669250896651e-02   9.7508981910866310e-01   2.2017372151594533e-01
  -2.3262180693544066e-01   9.4048680673726348e-01   2.4773304440715177e-01
  -4.5938414885458245e-01   8.5513594289179262e-01   2.4022639937299922e-01
  -6.4762378012736110e-01   7.2425568067532831e-01   2.3672166868088843e-01
  -8.0014429839605061e-01   5.8298741140990795e-01   1.4104885636497219e-01
  -9.0977328562335535e-01   3.9183242438064109e-01   1.3703984811022590e-01
  -9.6108778433272857e-01   1.7780779587982731e-01   2.1141111259998635e-01
  -9.6764785437610168e-01  -7.6695630120542424e-02   2.4036516020783824e-01
  -9.1215738433227778e-01  -3.6408169939807866e-01   1.8818454339159843e-01
  -8.0571575949747376e-01  -5.5757827665085813e-01   1.9982137099036307e-01
  -6.1980272568562444e-01  -7.5298933399777057e-01   2.2102408040361701e-01
  -3.8569684738093729e-01  -8.7790192373227816e-01   2.8377130620901608e-01
  -1.4814407659959386e-01  -9.5075390423160289e-01   2.7225052094866181e-01
   5.9139773904732372e-02  -9.7963673379565031e-01   1.9187067764691762e-01
   2.9585316210158119e-01  -9.4375036366616238e-01   1.4766908124073130e-01
   5.3539024031702542e-01  -8.2550906484950837e-01   1.7858352226498406e-01
   7.7823232281404242e-01  -6.1858285491803700e-01   1.0821138262174972e-01
   9.0190181715295681e-01  -4.2236423370131898e-01   9.0452011067151630e-02
   9.8419258950716526e-01  -1.7652714321412366e-01   1.4251823316359859e-02
  -7.5983120344876476e-01  -6.4999547288673487e-01   1.2744704482709939e-02
  -5.4972561557178690e-01  -8.3387139705956415e-01   4.9600814006936104e-02
  -3.2516127770497605e-01  -9.4203688831662302e-01   8.2684004087864305e-02
  -8.7658231116892804e-02  -9.9608780704385069e-01   1.1185489530192032e-02
  -9.9747053068414659e-01  -6.3141908776945102e-02   3.2644138412446358e-02
   9.5769956375820253e-01   2.8756513501652564e-01   1.0855353530673672e-02
   8.7665303365196134e-01   4.7295532571334531e-01   8.8276375481759942e-02
  -1.6077575008425340e-01   9.8571477084828552e-01   5.0175180282262283e-02
  -4.2519981141874108e-01   9.0447963901232620e-01   3.3491834551113743e-02
  -6.4384454781893841e-01   7.6512970754481968e-01   6.3819179096422920e-03
  -0.0000000000000000e+00  -0.0000000000000000e+00  -1.0000000000000000e+00
  -2.1431132914577350e-01  -0.0000000000000000e+00  -9.7676540387125299e-01
  -1.5712633551817637e-01  -2.5075498843396737e-01  -9.5521371978322756e-01
   6.6373787044223947e-02  -2.2667968455653759e-01  -9.7170512039546064e-01
   2.5403064748311571e-01  -5.4163977423278428e-02  -9.6567835933555002e-01
   1.6737276031537562e-01   1.6858076993809415e-01  -9.7137370929601097e-01
  -6.8134484546915772e-02   2.5103850125156441e-01  -9.6557618182352367e-01
  -2.7753055637899277e-01   2.3458672273812439e-01  -9.3163611984022665e-01
  -4.6666994775369020e-01   8.2694817587862568e-02  -8.8055705494174430e-01
  -3.8562314956244059e-01  -1.3346494192094818e-01  -9.1295229656295929e-01
  -3.2529442015760174e-01  -3.8463460295830210e-01  -8.6385170163717284e-01
  -7.9483394326255605e-02  -4.6476902483595611e-01  -8.8185721269342199e-01
   1.6905766801321523e-01  -4.0773914107128340e-01  -8.9731170599986354e-01
   3.5090091744766339e-01  -2.3267250976221629e-01  -9.0704578127861846e-01
   4.7441032484839690e-01   1.8754277278288871e-02  -8.8010403973678453e-01
   3.9192595231853739e-01   2.1010303202257399e-01  -8.9568452249334352e-01
   1.6731223618731045e-01   3.8467726306178590e-01  -9.0776099216990769e-01
  -5.4426219115553717e-02   4.7014522884097149e-01  -8.8090933158348161e-01
  -2.9255628166792708e-01   4.5587416761622851e-01  -8.4058882062328633e-01
  -4.9817173169507767e-01   2.9780497571679326e-01  -8.1433231679594276e-01
  -6.7971887202934056e-01   1.4534421684747698e-01  -7.1892789181958616e-01
  -6.2056748279569063e-01  -7.4238612970921644e-02  -7.8063091640081350e-01
  -5.2956406161853298e-01  -2.9420146640500083e-01  -7.9561762286115167e-01
  -4.0192284654929888e-01  -5.5385000539389884e-01  -7.2918323962285847e-01
  -1.8971579515245665e-01  -6.2430308443522253e-01  -7.5779520705421366e-01
   6.6849316498080624e-02  -6.1937010709620843e-01  -7.8224793979873852e-01
   3.1906162469245802e-01  -5.1846032308768553e-01  -7.9334643947800110e-01
   4.9934711583004016e-01  -3.4883146892727984e-01  -7.9307569890790164e-01
   5.9988911213286189e-01  -1.4971757277302647e-01  -7.8595019024579427e-01
   6.6456310161432530e-01   9.2321590259711317e-02  -7.4150698442069030e-01
   6.1044071103335729e-01   2.9304317513431527e-01  -7.3585857052852777e-01
   4.2214499084051249e-01   4.0996790278649287e-01  -8.0852948331715668e-01
   2.4248389402304621e-01   5.6039298564732665e-01  -7.9193513798586768e-01
  -3.9536306818942829e-03   6.3998285405120814e-01  -7.6837901801448294e-01
  -2.8039830170953045e-01   6.2293466771269668e-01  -7.3029390806721328e-01
  -5.2487382932964821e-01   4.8359815843938025e-01  -7.0045719672144957e-01
  -7.0744205041746255e-01   3.4122353698644126e-01  -6.1894445882292148e-01
  -8.1099405688183024e-01   2.5776566870715788e-02  -5.8448627725782420e-01
  -7.3695037407742836e-01  -2.1372275091905105e-01  -6.4126962495250917e-01
  -6.1475282547405741e-01  -4.4641459662268140e-01  -6.5022532363317842e-01
  -5.0806643214488545e-01  -6.5942663981943439e-01  -5.5409837323711431e-01
  -2.9132817547710804e-01  -7.6705644326069056e-01  -5.7162252144701098e-01
  -7.7269386332732268e-02  -7.8981807536494131e-01  -6.0845447632717997e-01
   1.6113311683455614e-01  -7.4645711912695900e-01  -6.4562983819202635e-01
   3.8556364063906307e-01  -6.5899297356249020e-01  -6.4580874863415916e-01
   5.7549931625124218e-01  -5.0571672100124465e-01  -6.4269054380323820e-01
   7.2016379169993106e-01  -3.5181019683891596e-01  -5.9799138666417373e-01
   7.6407366759975059e-01  -1.4526609297989920e-01  -6.2856120840457619e-01
   8.1787230048168191e-01   9.2021730468318408e-02  -5.6799375104521854e-01
   7.7201323731618909e-01   3.2488714981564354e-01  -5.4630019338569269e-01
   6.0147443517936239e-01   5.0455988249841555e-01  -6.1939311329627489e-01
   4.3634492348965304e-01   6.2866172824865552e-01  -6.4372939903364867e-01
   2.0429650087998441e-01   7.3535430162957083e-01  -6.4615554691040200e-01
  -7.2361136728779196e-02   7.7730066695739397e-01  -6.2495402954050105e-01
  -3.0861594168092987e-01   7.6388626325575004e-01  -5.6677506768519736e-01
  -5.2011008338656339e-01   6.4229869198467882e-01  -5.6297237182156001e-01
  -7.1136154860556766e-01   5.2355088192420896e-01  -4.6889148126391861e-01
  -8.4707606572748551e-01   2.6272218257298380e-01  -4.6199479829943152e-01
  -9.1567897043086277e-01   3.1290321197130939e-02  -4.0069057751593751e-01
  -8.5519908028932468e-01  -2.2305418329877011e-01  -4.6784758670448645e-01
  -7.4265944495686109e-01  -4.5965014055680736e-01  -4.8700995585560081e-01
  -6.3287885334778626e-01  -6.7440619424527171e-01  -3.8031650259855948e-01
  -4.2237905214663601e-01  -8.2756724966333450e-01  -3.6976801320878666e-01
  -2.0927445900103778e-01  -9.0565625088118296e-01  -3.6876951616106080e-01
   2.4577253253433146e-02  -8.9932054648865600e-01  -4.3659880128770595e-01
   2.5217267141169619e-01  -8.5318061664080014e-01  -4.5660900032907015e-01
   4.6324198382039128e-01  -7.5847640665239113e-01  -4.5838892327130332e-01
   6.4467869518717891e-01  -6.1652251231542354e-01  -4.5198381805108345e-01
   7.9448507126536216e-01  -4.8392856034885356e-01  -3.6688774852147676e-01
   8.6777796453726952e-01  -2.8807695749431456e-01  -4.0493588483162668e-01
   9.0201319807759595e-01  -5.5275541192194258e-02  -4.2815511796513384e-01
   8.9698509933546156e-01   2.4496202926839986e-01  -3.6798279278637430e-01
   7.6100667833952484e-01   5.0222151722518349e-01  -4.1066091019072859e-01
   6.0926982199672086e-01   6.7426365761095308e-01  -4.1732338064046132e-01
   4.0645507431950456e-01   7.8409366795461843e-01  -4.6903240019576320e-01
   1.5935653607892969e-01   8.6148750172006550e-01  -4.8212527292089230e-01
  -7.2941001549807302e-02   8.9833877731495881e-01  -4.3320555336373023e-01
  -2.8161512256100141e-01   8.8949926498760412e-01  -3.5983882549200308e-01
  -4.9755866615153754e-01   7.8066657603081402e-01  -3.7814689051455669e-01
  -7.0079754857791154e-01   6.4566076701259512e-01  -3.0332321020307240e-01
  -8.6319056938362004e-01   4.0580258497202865e-01  -3.0037693479560201e-01
  -9.5896448055943517e-01   1.7929282445462896e-01  -2.1963881288254689e-01
  -9.7763145308212629e-01  -7.4934413148899287e-02  -1.9652372800901260e-01
  -9.2251477689199579e-01  -2.6929812668926217e-01  -2.7648689910656787e-01
  -8.1628706515889915e-01  -4.9759923981129178e-01  -2.9337761297259196e-01
  -6.8455644342336397e-01  -7.0715559678924356e-01  -1.7695603323199624e-01
  -4.9350085702455332e-01  -8.5471928290567867e-01  -1.6097158614250487e-01
  -2.7662774545612817e-01  -9.5084007141354621e-01  -1.3921296289549273e-01
  -2.6895669250896651e-02  -9.7508981910866310e-01  -2.2017372151594533e-01
   2.3262180693544066e-01  -9.4048680673726348e-01  -2.4773304440715177e-01
   4.5938414885458245e-01  -8.5513594289179262e-01  -2.4022639937299922e-01
   6.4762378012736110e-01  -7.2425568067532831e-01  -2.3672166868088843e-01
   8.0014429839605061e-01  -5.8298741140990795e-01  -1.4104885636497219e-01
   9.0977328562335535e-01  -3.9183242438064109e-01  -1.3703984811022590e-01
   9.6108778433272857e-01  -1.7780779587982731e-01  -2.1141111259998635e-01
   9.6764785437610168e-01   7.6695630120542424e-02  -2.4036516020783824e-01
   9.1215738433227778e-01   3.6408169939807866e-01  -1.8818454339159843e-01
   8.0571575949747376e-01   5.5757827665085813e-01  -1.9982137099036307e-01
   6.1980272568562444e-01   7.5298933399777057e-01  -2.2102408040361701e-01
   3.8569684738093729e-01   8.7790192373227816e-01  -2.8377130620901608e-01
   1.4814407659959386e-01   9.5075390423160289e-01  -2.7225052094866181e-01
  -5.9139773904732372e-02   9.7963673379565031e-01  -1.9187067764691762e-01
  -2.9585316210158119e-01   9.4375036366616238e-01  -1.4766908124073130e-01
  -5.3539024031702542e-01   8.2550906484950837e-01  -1.7858352226498406e-01
  -7.7823232281404242e-01   6.1858285491803700e-01  -1.0821138262174972e-01
  -9.0190181715295681e-01   4.2236423370131898e-01  -9.0452011067151630e-02
  -9.8419258950716526e-01   1.7652714321412366e-01  -1.4251823316359859e-02
   7.5983120344876476e-01   6.4999547288673487e-01  -1.2744704482709939e-02
   5.4972561557178690e-01   8.3387139705956415e-01  -4.9600814006936104e-02
   3.2516127770497605e-01   9.4203688831662302e-01  -8.2684004087864305e-02
   8.7658231116892804e-02   9.9608780704385069e-01  -1.1185489530192032e-02
   9.9747053068414659e-01   6.3141908776945102e-02  -3.2644138412446358e-02
  -9.5769956375820253e-01  -2.8756513501652564e-01  -1.0855353530673672e-02
  -8.7665303365196134e-01  -4.7295532571334531e-01  -8.8276375481759942e-02
   1.6077575008425340e-01  -9.8571477084828552e-01  -5.0175180282262283e-02
   4.2519981141874108e-01  -9.0447963901232620e-01  -3.3491834551113743e-02
   6.4384454781893841e-01  -7.6512970754481968e-01  -6.3819179096422920e-03
