   0.0000000000000000e+00   0.0000000000000000e+00   1.0000000000000000e+00
   1.5873641945578223e-01   0.0000000000000000e+00   9.8732099599793677e-01
   1.0318956913061977e-01   1.2680960287468698e-01   9.8654510157488551e-01
  -3.4221915647344232e-02   1.4146906150589500e-01   9.8935098176838510e-01
  -1.5268565095135725e-01   6.7515003381978550e-02   9.8596593060404059e-01
  -1.5198591036934164e-01  -6.3397644213883733e-02   9.8634731294677958e-01
  -4.1644332402611131e-02  -1.4438201577808255e-01   9.8864532725270005e-01
   9.7559838544157007e-02  -1.2185604022697590e-01   9.8774145572788408e-01
   2.8775247036559298e-01   5.8620016370082136e-02   9.5590910105473403e-01
   2.2604215568114563e-01   1.8807259689413686e-01   9.5578953862893701e-01
   1.2901878964360808e-01   2.8551176254362931e-01   9.4965108611959614e-01
   4.6973611276669739e-03   2.8535433397882215e-01   9.5841057948978170e-01
  -1.3292647476409122e-01   2.5141501277250894e-01   9.5870800750770335e-01
  -2.4481918815424430e-01   1.9488051824820127e-01   9.4978163212330502e-01
  -2.9765616789455668e-01   7.2049537839571035e-02   9.5195045554452662e-01
  -2.9984257383824026e-01  -6.6305362569640716e-02   9.5168168512826168e-01
  -2.4416077807670533e-01  -1.8714512455892660e-01   9.5150523740166648e-01
  -1.3853436693643581e-01  -2.5783877578723080e-01   9.5620468252255653e-01
  -4.3861426067583901e-03  -2.8666984846738669e-01   9.5801939423621207e-01
   1.2207303255340524e-01  -2.7366891437740598e-01   9.5404585845058165e-01
   2.2665945671172355e-01  -1.7851141528865044e-01   9.5747541237088130e-01
   3.0235084607899698e-01  -7.2118772515438870e-02   9.5046454353972665e-01
   4.4644939774750353e-01   1.0267494587301704e-02   8.9474997278893009e-01
   3.9964685529664934e-01   1.3529625603894335e-01   9.0662964552971892e-01
   3.4243192148595331e-01   2.5620849225837777e-01   9.0393450406659814e-01
   2.6178694982150374e-01   3.5928025675634079e-01   8.9575961619636069e-01
   1.5085820818224205e-01   4.3059513546109607e-01   8.8984809396957387e-01
   2.1175379000988800e-02   4.3089147400593242e-01   9.0215527541169949e-01
  -1.0894542110798695e-01   3.9860276919848592e-01   9.1062985213911252e-01
  -2.3346499780055258e-01   3.7317457993465442e-01   8.9790580112425056e-01
  -3.3847722400294261e-01   3.0015945166863484e-01   8.9181695005491246e-01
  -4.1089403128256136e-01   1.9364610158202594e-01   8.9088006061335168e-01
  -4.3231252795040537e-01   6.5444103968541167e-02   8.9934584417391106e-01
  -4.3108166916688845e-01  -7.4552087687999632e-02   8.9922776910505275e-01
  -4.0705988226213308e-01  -2.0374780654947147e-01   8.9038704144827796e-01
  -3.2691712788204563e-01  -3.0113627466757475e-01   8.9579134600457555e-01
  -2.1579218242732565e-01  -3.7866672994641543e-01   9.0002513389068217e-01
  -9.9746512268726731e-02  -4.1987411894240939e-01   9.0208445144152671e-01
   2.5916847686514369e-02  -4.2775617950721584e-01   9.0352253314424014e-01
   1.6275340903129373e-01  -4.0754242333668084e-01   8.9856580228136773e-01
   2.7133430637913264e-01  -3.2681102899318781e-01   9.0530229509825544e-01
   3.6440563225162298e-01  -2.3277647668791362e-01   9.0167823922065249e-01
   4.3373337631092479e-01  -1.1998908380333217e-01   8.9301622496008581e-01
   5.5971693791288257e-01   6.5730326949666892e-02   8.2607292264818621e-01
   5.1802726385827425e-01   1.9589281890482360e-01   8.3263062482773953e-01
   4.7170629445009638e-01   3.0773688248479680e-01   8.2631179522907527e-01
   3.9199972247569342e-01   4.0776283988398720e-01   8.2466095092997171e-01
   2.8526456167515257e-01   4.9933455089229384e-01   8.1810093273230922e-01
   1.6552347631176187e-01   5.6405415311824947e-01   8.0897768272043447e-01
   3.7477191655461164e-02   5.6301402856033456e-01   8.2559715585137683e-01
  -9.4615252155343527e-02   5.3700538635373629e-01   8.3825602836284763e-01
  -2.2144262528382169e-01   5.1785268619556035e-01   8.2631214387025165e-01
  -3.3972292730632520e-01   4.6760532080202127e-01   8.1604754556340653e-01
  -4.3756830435547339e-01   3.9046001121087476e-01   8.0998454224057848e-01
  -5.0965166520097471e-01   2.7578769690441113e-01   8.1498240864084559e-01
  -5.5729666219305340e-01   1.4221276400867083e-01   8.1804398418513891e-01
  -5.6211070412923392e-01   1.4239034567124361e-02   8.2693942111737129e-01
  -5.5774138857012012e-01  -1.1300664326615216e-01   8.2228586395096870e-01
  -5.2531331633680356e-01  -2.4729056826836696e-01   8.1418259286522310e-01
  -4.5663592310255768e-01  -3.6374060915856221e-01   8.1189679330641107e-01
  -3.5270313555856497e-01  -4.4094010343723511e-01   8.2533164446052654e-01
  -2.4673607728832181e-01  -5.1599047934650699e-01   8.2028966431872907e-01
  -1.3178681994544292e-01  -5.5839090386094314e-01   8.1904324218811930e-01
  -9.8046574903879295e-03  -5.6329220619434583e-01   8.2619958795208970e-01
   1.2248723004143527e-01  -5.4040819699913822e-01   8.3243970297728898e-01
   2.6235591397763169e-01  -4.9785279758656970e-01   8.2662686040086286e-01
   3.6615255249290102e-01  -4.1217578947331324e-01   8.3429217116965937e-01
   4.6543790310528715e-01  -3.1289054126547999e-01   8.2792938559973117e-01
   5.3986710049972941e-01  -2.1647132645503442e-01   8.1343941299940270e-01
   5.6779973092611280e-01  -8.4985654691708781e-02   8.1876791831193263e-01
   6.6605460653208259e-01  -1.5049896466749929e-02   7.4575113927752912e-01
   6.5482161339881151e-01   1.4050722504595978e-01   7.4260782000707581e-01
   6.2755418068011537e-01   2.6657201779427969e-01   7.3151562501425449e-01
   5.8242707832154361e-01   3.7677683199965395e-01   7.2029016188348371e-01
   4.9776436045119588e-01   4.6578509347105346e-01   7.3162482746608182e-01
   3.8912198167868672e-01   5.5399535368503194e-01   7.3598453208599990e-01
   2.6605668592779896e-01   6.3802883748031047e-01   7.2258774028946826e-01
   1.3323416312673497e-01   6.8851722986675301e-01   7.1287634408257050e-01
   7.5033737610047781e-03   6.7851064405384820e-01   7.3455224816743614e-01
  -1.1967790257834669e-01   6.5431714483945425e-01   7.4669021260733859e-01
  -2.5105799109308718e-01   6.3406666488606755e-01   7.3138864469484532e-01
  -3.7123880204896331e-01   5.8719281030217174e-01   7.1929573569060468e-01
  -4.7608340726101978e-01   5.2337341982924945e-01   7.0669997364296977e-01
  -5.5524020860401835e-01   4.1201596698213266e-01   7.2246187006730289e-01
  -6.2411303838598331e-01   2.6791276907495082e-01   7.3396571001866850e-01
  -6.7447520615991008e-01   1.2375339434428109e-01   7.2785183496630379e-01
  -6.9355255574164243e-01   3.3808780014387679e-03   7.2039809972554436e-01
  -6.7416141949186614e-01  -1.1631010606932746e-01   7.2936845263203820e-01
  -6.3654665808339583e-01  -2.5194229503562326e-01   7.2892621852629469e-01
  -5.7199845995737997e-01  -3.8972012764686187e-01   7.2175895139118240e-01
  -4.7790246947818127e-01  -4.9854582201341879e-01   7.2322976502603975e-01
  -3.7590499643699504e-01  -5.7357184075001100e-01   7.2781232275384478e-01
  -2.6817721739221534e-01  -6.4221371776081326e-01   7.1808253062694893e-01
  -1.4761289457630258e-01  -6.8119978227488420e-01   7.1706156638287055e-01
  -2.5326514320726759e-02  -6.9083092338996921e-01   7.2257262815617673e-01
   9.7461677773111821e-02  -6.6395348075786076e-01   7.4139530397431774e-01
   2.3138125102279547e-01  -6.2243499648475975e-01   7.4768803108391613e-01
   3.6591722407448168e-01  -5.6655852668327100e-01   7.3831972814500013e-01
   4.6618060123046240e-01  -4.7027768833509065e-01   7.4934274060045980e-01
   5.6583598570088689e-01  -3.8266045167525464e-01   7.3034280718686873e-01
   6.4774332781328026e-01  -2.9668733922475776e-01   7.0171589978930282e-01
   6.6538830272000704e-01  -1.7303870368112237e-01   7.2616527983080070e-01
   7.5375366730376481e-01   5.8832109239272817e-02   6.5451829000310124e-01
   7.5190912504294660e-01   1.9488630418953803e-01   6.2980314076423372e-01
   7.2530740367713897e-01   3.1925548570142870e-01   6.0992221227028010e-01
   6.8096528654194688e-01   4.2916596830022480e-01   5.9338254960672265e-01
   5.9794145569292001e-01   5.1885108957635995e-01   6.1094972167049555e-01
   4.9726887164271288e-01   5.9573678954063813e-01   6.3073080381649071e-01
   3.8105533542127468e-01   6.7217567456811222e-01   6.3480445324988322e-01
   2.4892825565526505e-01   7.4575565956575662e-01   6.1796700539921245e-01
   1.0872382726456761e-01   7.8949316560883342e-01   6.0405270535102096e-01
  -1.8411189817361708e-02   7.8480739613082218e-01   6.1946620494411786e-01
  -1.4011769394017756e-01   7.5727584792952096e-01   6.3788738973859005e-01
  -2.7124240020410567e-01   7.3298997236281627e-01   6.2382149750315063e-01
  -3.9668891300890158e-01   6.8990058514879116e-01   6.0553702521577635e-01
  -5.1032117284331879e-01   6.2604132666851386e-01   5.8961390574760597e-01
  -5.9933168971212680e-01   5.1913415169226429e-01   6.0934494192826449e-01
  -6.6443321367218355e-01   3.8215732308985628e-01   6.4224939468873754e-01
  -7.2937125753019838e-01   2.4147976621299122e-01   6.4008209723326603e-01
  -7.8497484159405606e-01   1.2026719554506050e-01   6.0774196805890635e-01
  -8.0412562196627257e-01   5.3721725484597938e-04   5.9445916217598693e-01
  -7.8408044803258392e-01  -1.1784663998178743e-01   6.0936854239288185e-01
  -7.3981627057379507e-01  -2.3961109460293958e-01   6.2869580015891824e-01
  -6.7762462687281044e-01  -3.7505115048233661e-01   6.3258319577535416e-01
  -5.9496628251251837e-01  -5.0877486595629318e-01   6.2222444378567299e-01
  -4.9750278343541587e-01  -6.1373347927228405e-01   6.1304338907972133e-01
  -3.8920536536098377e-01  -6.8969682740788596e-01   6.1060418426155583e-01
  -2.6943938483740437e-01  -7.5098992235401152e-01   6.0284040543178341e-01
  -1.4385345432121083e-01  -7.8748668516153375e-01   5.9930868871822207e-01
  -1.9744840293942734e-02  -7.9913362968690138e-01   6.0082907984318235e-01
   1.0008317084355470e-01  -7.7398284150945973e-01   6.2524708712863464e-01
   2.2362002000260883e-01  -7.2907835364794360e-01   6.4686848809942576e-01
   3.5341248560210170e-01  -6.7987819470486921e-01   6.4254591694710217e-01
   4.7563101975988809e-01  -6.0365231807065911e-01   6.3982732977740853e-01
   5.7061936201680374e-01  -5.1764675050606557e-01   6.3752285087049776e-01
   6.6736591348272245e-01  -4.3750379115328963e-01   6.0267169358438433e-01
   7.4348601864599484e-01  -3.4419360597074217e-01   5.7337535845795184e-01
   7.6704113633552129e-01  -2.2172205159789460e-01   6.0206912145062952e-01
   7.5641952086562414e-01  -9.0555955132047478e-02   6.4778787225722445e-01
   8.3818922899657389e-01  -1.3729355252181092e-02   5.4520667750724439e-01
   8.4188689752311097e-01   1.1943504697833672e-01   5.2627152814131339e-01
   8.2947600405485478e-01   2.5372122910948008e-01   4.9758928504979405e-01
   8.0249732749621250e-01   3.7345220238895904e-01   4.6532944447162677e-01
   7.4906180606585837e-01   4.8225482054537588e-01   4.5424299527246614e-01
   6.6669086086619456e-01   5.7402731687067587e-01   4.7541133297781746e-01
   5.7133469147897475e-01   6.5292264129419564e-01   4.9726119373829675e-01
   4.6517606120114519e-01   7.1915194823133000e-01   5.1617023106768856e-01
   3.4571809907272222e-01   7.8301542566311533e-01   5.1707430718142788e-01
   2.1107499360808105e-01   8.4006191413742470e-01   4.9974326157449550e-01
   7.5660928055496401e-02   8.7497751182991301e-01   4.7821520025791264e-01
  -5.2857817249399405e-02   8.6842074548630799e-01   4.9300249488682513e-01
  -1.7676340658912049e-01   8.4119926336172457e-01   5.1101712046730996e-01
  -3.0100806317130607e-01   8.1194573853923258e-01   5.0013824446230770e-01
  -4.3370502825346879e-01   7.5776275318224851e-01   4.8754031459697428e-01
  -5.7441787406358391e-01   6.6513081464969115e-01   4.7712168820931911e-01
  -6.7287340372880822e-01   5.4182587890759371e-01   5.0365275686768751e-01
  -7.3707722191265268e-01   4.1736643349830321e-01   5.3152838976524341e-01
  -7.9531925596842001e-01   2.9846227323768515e-01   5.2762444270487718e-01
  -8.5304668094743330e-01   1.8307196132855127e-01   4.8866759366657958e-01
  -8.8635226894962538e-01   6.2006263274889464e-02   4.5884079879903461e-01
  -8.8728680774674373e-01  -5.8972158350499848e-02   4.5743240521204509e-01
  -8.5704036011678286e-01  -1.7654760723881957e-01   4.8405863643689145e-01
  -8.0676475593808961e-01  -2.9533547462388154e-01   5.1176907488128021e-01
  -7.4486012788426126e-01  -4.1478083332098808e-01   5.2262821412337535e-01
  -6.6489226630191001e-01  -5.3714236003245674e-01   5.1903406369011340e-01
  -5.5878892471930230e-01  -6.5925764267312281e-01   5.0312453546624314e-01
  -4.2802949045607946e-01  -7.5657863523302926e-01   4.9434757409016983e-01
  -2.9949243237393097e-01  -8.2416767390416124e-01   4.8067861221626096e-01
  -1.7098011614691572e-01  -8.6528716085823931e-01   4.7121537446933387e-01
  -4.2724422125546009e-02  -8.8455481361046340e-01   4.6447540889975686e-01
   7.9732873248993710e-02  -8.7343342657031342e-01   4.8037143781984021e-01
   1.9693581234399146e-01  -8.3335788478631256e-01   5.1645999039702506e-01
   3.1978933572071860e-01  -7.8556329612454945e-01   5.2974058608080521e-01
   4.4363824312524247e-01  -7.2601638333924579e-01   5.2543821745258457e-01
   5.5026480999906635e-01  -6.5907028797717360e-01   5.1267435510504800e-01
   6.4330890592677625e-01  -5.7412912266246663e-01   5.0648731678702530e-01
   7.3636416616850120e-01  -4.9077267345510073e-01   4.6573597431667335e-01
   8.1039791178860177e-01  -3.9951432445954249e-01   4.2853649683581096e-01
   8.4241487813320448e-01  -2.7707716128564808e-01   4.6213138802044734e-01
   8.5004777107122720e-01  -1.4189936754629309e-01   5.0723106804177587e-01
   9.1064477001713040e-01   5.7095044814819987e-02   4.0922641495636786e-01
   9.0372639550381795e-01   1.9367736232646313e-01   3.8179533966765600e-01
   8.8429832887554605e-01   3.2161386127097286e-01   3.3849813852707095e-01
   8.4274044757104949e-01   4.4055866288701806e-01   3.0934867477160760e-01
   7.7677323901810780e-01   5.4830128923082744e-01   3.0982096664546460e-01
   6.9312072434075744e-01   6.3831535651605487e-01   3.3486888049671854e-01
   5.9854977516311136e-01   7.1870642563463749e-01   3.5383504688438111e-01
   4.9627589397116545e-01   7.8301189785723846e-01   3.7497013864723411e-01
   3.8193958570407249e-01   8.3880268616588494e-01   3.8798480196149082e-01
   2.5684997013678856e-01   8.8941580680459753e-01   3.7811058626658101e-01
   1.2601217149270769e-01   9.2777214747980918e-01   3.5122610238476820e-01
  -1.3893700944123467e-02   9.3721235770624178e-01   3.4848236919072806e-01
  -1.4559105446354509e-01   9.1853004191382093e-01   3.6756741825410399e-01
  -2.6876629781354772e-01   8.9130793598205660e-01   3.6515043532084884e-01
  -3.9272305977373817e-01   8.4180062336993744e-01   3.7032459925845812e-01
  -5.2694531831670177e-01   7.5875428400471523e-01   3.8291065277503283e-01
  -6.6317035146217740e-01   6.4548072587385863e-01   3.7889275193237559e-01
  -7.5519098132825246e-01   5.2953573499715767e-01   3.8636574263447698e-01
  -8.1704784637772532e-01   4.1665929532203361e-01   3.9853211708878283e-01
  -8.7248697542599674e-01   3.0330579045692069e-01   3.8310843789624205e-01
  -9.2132958989955094e-01   1.8575319027782886e-01   3.4153702446020995e-01
  -9.4837240190342498e-01   6.2403370110907824e-02   3.1095917208972895e-01
  -9.5026483692148245e-01  -6.1313487398043189e-02   3.0534799159922144e-01
  -9.2472246328534136e-01  -1.8142741835492052e-01   3.3462285899884237e-01
  -8.7951822964575865e-01  -2.9909533097535718e-01   3.7012115139442120e-01
  -8.2333661564297755e-01  -4.1510713844933633e-01   3.8704377136180779e-01
  -7.4959687768979510e-01  -5.2736316664869165e-01   3.9999076416834262e-01
  -6.5052348700271168e-01  -6.4262410041246276e-01   4.0478816487998492e-01
  -5.2508845031709483e-01  -7.5361984347326549e-01   3.9539758581321988e-01
  -3.9827481425938271e-01  -8.4052713438021875e-01   3.6727552150562931e-01
  -2.6985545255168747e-01  -8.9936816111424667e-01   3.4396939617079664e-01
  -1.3918523751454059e-01  -9.3317752927459119e-01   3.3137164711995276e-01
  -6.9394582630488751e-03  -9.4672792634866632e-01   3.2195974498463287e-01
   1.1802841550354869e-01  -9.3333078761591615e-01   3.3906184394882177e-01
   2.3354456396026105e-01  -8.9465230053499156e-01   3.8085981383188572e-01
   3.5589126987311420e-01  -8.4455636961535241e-01   4.0008241972153502e-01
   4.7296248599080021e-01  -7.9083430908054231e-01   3.8844250852153572e-01
   5.7678427562360113e-01  -7.3009788076242055e-01   3.6643824022552585e-01
   6.6801467570234352e-01  -6.4518376664257271e-01   3.7080223881092600e-01
   7.5787962859710434e-01  -5.6187172477160541e-01   3.3153979166865721e-01
   8.3512177523861664e-01  -4.7233158636765321e-01   2.8191220803951966e-01
   8.8672420328580792e-01  -3.5018933274447545e-01   3.0180725395379121e-01
   9.0935550030582024e-01  -2.1544594606466796e-01   3.5588708657079915e-01
   9.1457130045639001e-01  -7.4856588723874004e-02   3.9743657041864244e-01
   9.6204068473293625e-01   4.8310610912830794e-03   2.7286330234627620e-01
   9.5469712122602934e-01   1.4505347754392833e-01   2.5983243711119902e-01
   9.3633593300973506e-01   2.8013011434357149e-01   2.1166515913736597e-01
   8.9466085190029909e-01   4.1265992561182696e-01   1.7115415820561536e-01
   8.3122690809096389e-01   5.3340532192605472e-01   1.5665436414762957e-01
   7.5349188445616477e-01   6.3548023442749202e-01   1.6856705404875955e-01
   6.6590892673512292e-01   7.2050463142901333e-01   1.9348999298107972e-01
   5.6857631551204812e-01   7.9627515151372175e-01   2.0655957136028144e-01
   4.6430436571707762e-01   8.5472400077219735e-01   2.3209553739792368e-01
   3.4782132510499253e-01   9.0521175972954193e-01   2.4415567953572795e-01
   2.2416676454022830e-01   9.4745069095709900e-01   2.2822456020437745e-01
   8.3881202731431098e-02   9.7310913130230503e-01   2.1452869832356253e-01
  -6.5630055976554788e-02   9.7319558004863549e-01   2.2041564991241919e-01
  -2.0545404545665233e-01   9.5288149475762907e-01   2.2317144117015142e-01
  -3.3031053343243655e-01   9.1904062207931403e-01   2.1507972120041133e-01
  -4.4448518530524123e-01   8.6266544885527863e-01   2.4133222618516151e-01
  -5.5974078063734245e-01   7.8783496479625570e-01   2.5691696467143060e-01
  -6.6114127036227477e-01   7.0518740782569922e-01   2.5613070973202001e-01
  -7.5983620121648965e-01   5.9963718880683425e-01   2.5116566071167312e-01
  -8.3740163544571922e-01   4.8724434372922049e-01   2.4769224948858637e-01
  -8.9458531979355471e-01   3.7345872223776921e-01   2.4544997126582885e-01
  -9.4301280506406848e-01   2.5548771572769702e-01   2.1319680250285303e-01
  -9.7639915188467286e-01   1.2945551642369515e-01   1.7287557799286143e-01
  -9.8867371827726747e-01   2.3688006417322272e-03   1.5006221233649011e-01
  -9.7853178804786700e-01  -1.2618580864058185e-01   1.6294993549420791e-01
  -9.4670820012365631e-01  -2.5077001529305920e-01   2.0213357773647100e-01
  -8.9910173186100528e-01  -3.7017600164706366e-01   2.3363604937837371e-01
  -8.3535882556163044e-01  -4.8832329935054353e-01   2.5242026041443844e-01
  -7.5100788022641196e-01  -5.9991974060576525e-01   2.7583231984186080e-01
  -6.5320912274075726e-01  -7.0349926331840607e-01   2.8001183631894977e-01
  -5.5278698744691568e-01  -7.8981404878006489e-01   2.6574483035236024e-01
  -4.4193415973879285e-01  -8.6474783887157780e-01   2.3854847227115647e-01
  -3.2168983812534291e-01  -9.2314693016102500e-01   2.1051221670289369e-01
  -1.9083373201284584e-01  -9.6217243557243182e-01   1.9443942745920637e-01
  -5.3316570158418133e-02  -9.8173519753122973e-01   1.8262898257083843e-01
   8.4010278594879195e-02  -9.8013183966261019e-01   1.7967707135301975e-01
   2.0899052306694019e-01  -9.5483182235510888e-01   2.1123246030434886e-01
   3.2462744897162982e-01  -9.1094202445958017e-01   2.5456167709938904e-01
   4.4499731641596157e-01  -8.6047311369335988e-01   2.4811974728635902e-01
   5.4764298530514222e-01  -8.0909655245695722e-01   2.1318989058662718e-01
   6.4552534002795714e-01  -7.3156902776931443e-01   2.1932576909804824e-01
   7.3456463977090980e-01  -6.4689095793616780e-01   2.0480937121787360e-01
   8.1496338323839856e-01  -5.5912361924239506e-01   1.5236621143123633e-01
   8.9011652140223352e-01  -4.3118628963588040e-01   1.4754986261203271e-01
   9.3825251332950876e-01  -2.8426470223621608e-01   1.9716947099745288e-01
   9.5775519435360379e-01  -1.4077355656592558e-01   2.5077438756872855e-01
   9.8829509803382065e-01   6.7938534802687620e-02   1.3659119551122165e-01
   9.7269458330111702e-01   2.0913134929578284e-01   1.0064455453918841e-01
   9.3444351602827624e-01   3.5188147425790006e-01   5.4724248983422118e-02
   8.7165568416021932e-01   4.8967081160596376e-01   2.0949093830917784e-02
   7.9416232426222133e-01   6.0763964342003707e-01   8.9591554733956889e-03
   7.1050371332337292e-01   7.0330773834137228e-01   2.3295891115002548e-02
   6.1896690643603614e-01   7.8426867776821507e-01   4.2457152621189105e-02
   5.1721095160768193e-01   8.5398722176800734e-01   5.6556667105094875e-02
   4.0937741829972302e-01   9.0819282977047666e-01   8.7154537115101266e-02
   2.8951299274206904e-01   9.5310672072497049e-01   8.8146502723726192e-02
   1.5368367265168878e-01   9.8456158695233553e-01   8.3784307947176645e-02
   1.1631261474706577e-03   9.9602383823571894e-01   8.9079519552765205e-02
  -1.5210903228202238e-01   9.8431497311975513e-01   8.9369323542714971e-02
  -2.9088864569393313e-01   9.5440240902586693e-01   6.7080827752580827e-02
  -4.0869413416639616e-01   9.1025675641340609e-01   6.6345626093396837e-02
  -5.1454392282873529e-01   8.5094984711540744e-01   1.0549364518434878e-01
  -6.1784635230833584e-01   7.8004085553675118e-01   9.9005801005682792e-02
  -7.0892860972199201e-01   6.9637886479067490e-01   1.1169916289075096e-01
  -7.9823397941500573e-01   5.9152793970848039e-01   1.1365390733065138e-01
  -8.7858531486744407e-01   4.6643393990111071e-01   1.0260226219533922e-01
  -9.3537364643300291e-01   3.4305676559052778e-01   8.5954622570245581e-02
  -9.7564753946943217e-01   2.1354875985126520e-01   5.0087981524808242e-02
  -9.9684000739539358e-01   7.8907153256503160e-02   9.1466289367391172e-03
  -9.9841638811823263e-01  -5.6226121304273242e-02   1.8273532826661694e-03
  -9.8047643458726519e-01  -1.9367284230312498e-01   3.4011635851179001e-02
  -9.4233701057599728e-01  -3.2639653457568552e-01   7.3934164739151584e-02
  -8.8412547768006056e-01  -4.5520208520880701e-01   1.0541916969203839e-01
  -8.0526124478257255e-01  -5.7823154935322307e-01   1.3115869389328721e-01
  -7.1769439907453136e-01  -6.8247571385807504e-01   1.3835335027008960e-01
  -6.2766898176967389e-01  -7.6912966207871636e-01   1.2029635171068224e-01
  -5.2713632231137653e-01  -8.4312053653643615e-01   1.0618407870555979e-01
  -4.1823357974058312e-01  -9.0511597873801974e-01   7.6457424822537326e-02
  -2.9923846781912777e-01  -9.5229373265355466e-01   5.9941522553411231e-02
  -1.6293235433372311e-01  -9.8522837962259935e-01   5.2707569641346735e-02
  -1.7534577733740696e-02  -9.9897705272624815e-01   4.1681971043582899e-02
   1.2959894306274489e-01  -9.9065890988634098e-01   4.2415070668643674e-02
   2.6455497436093611e-01  -9.6155889386050153e-01   7.3587765142401160e-02
   3.8108167106933521e-01  -9.1835922142090221e-01   1.0673846732175443e-01
   4.8752507008294405e-01  -8.7066057762005233e-01   6.5341140324739769e-02
   5.9201672237720027e-01  -8.0403713237203511e-01   5.5140640118803909e-02
   6.8669499557490798e-01  -7.2447025749636995e-01   5.9940212341302992e-02
   7.6967237330117322e-01  -6.3781467914846113e-01   2.8228936212421309e-02
   8.5706929588614944e-01  -5.1489079047604835e-01   1.7880042845872770e-02
   9.2996109020263829e-01  -3.6459038705818930e-01   4.7394307399518727e-02
   9.7154017957905736e-01  -2.1977267171187542e-01   8.8372236772174262e-02
   9.8801764719204610e-01  -7.8410384198909069e-02   1.3293961218114392e-01
  -0.0000000000000000e+00  -0.0000000000000000e+00  -1.0000000000000000e+00
  -1.5873641945578223e-01  -0.0000000000000000e+00  -9.8732099599793677e-01
  -1.0318956913061977e-01  -1.2680960287468698e-01  -9.8654510157488551e-01
   3.4221915647344232e-02  -1.4146906150589500e-01  -9.8935098176838510e-01
   1.5268565095135725e-01  -6.7515003381978550e-02  -9.8596593060404059e-01
   1.5198591036934164e-01   6.3397644213883733e-02  -9.8634731294677958e-01
   4.1644332402611131e-02   1.4438201577808255e-01  -9.8864532725270005e-01
  -9.7559838544157007e-02   1.2185604022697590e-01  -9.8774145572788408e-01
  -2.8775247036559298e-01  -5.8620016370082136e-02  -9.5590910105473403e-01
  -2.2604215568114563e-01  -1.8807259689413686e-01  -9.5578953862893701e-01
  -1.2901878964360808e-01  -2.8551176254362931e-01  -9.4965108611959614e-01
  -4.6973611276669739e-03  -2.8535433397882215e-01  -9.5841057948978170e-01
   1.3292647476409122e-01  -2.5141501277250894e-01  -9.5870800750770335e-01
   2.4481918815424430e-01  -1.9488051824820127e-01  -9.4978163212330502e-01
   2.9765616789455668e-01  -7.2049537839571035e-02  -9.5195045554452662e-01
   2.9984257383824026e-01   6.6305362569640716e-02  -9.5168168512826168e-01
   2.4416077807670533e-01   1.8714512455892660e-01  -9.5150523740166648e-01
   1.3853436693643581e-01   2.5783877578723080e-01  -9.5620468252255653e-01
   4.3861426067583901e-03   2.8666984846738669e-01  -9.5801939423621207e-01
  -1.2207303255340524e-01   2.7366891437740598e-01  -9.5404585845058165e-01
  -2.2665945671172355e-01   1.7851141528865044e-01  -9.5747541237088130e-01
  -3.0235084607899698e-01   7.2118772515438870e-02  -9.5046454353972665e-01
  -4.4644939774750353e-01  -1.0267494587301704e-02  -8.9474997278893009e-01
  -3.9964685529664934e-01  -1.3529625603894335e-01  -9.0662964552971892e-01
  -3.4243192148595331e-01  -2.5620849225837777e-01  -9.0393450406659814e-01
  -2.6178694982150374e-01  -3.5928025675634079e-01  -8.9575961619636069e-01
  -1.5085820818224205e-01  -4.3059513546109607e-01  -8.8984809396957387e-01
  -2.1175379000988800e-02  -4.3089147400593242e-01  -9.0215527541169949e-01
   1.0894542110798695e-01  -3.9860276919848592e-01  -9.1062985213911252e-01
   2.3346499780055258e-01  -3.7317457993465442e-01  -8.9790580112425056e-01
   3.3847722400294261e-01  -3.0015945166863484e-01  -8.9181695005491246e-01
   4.1089403128256136e-01  -1.9364610158202594e-01  -8.9088006061335168e-01
   4.3231252795040537e-01  -6.5444103968541167e-02  -8.9934584417391106e-01
   4.3108166916688845e-01   7.4552087687999632e-02  -8.9922776910505275e-01
   4.0705988226213308e-01   2.0374780654947147e-01  -8.9038704144827796e-01
   3.2691712788204563e-01   3.0113627466757475e-01  -8.9579134600457555e-01
   2.1579218242732565e-01   3.7866672994641543e-01  -9.0002513389068217e-01
   9.9746512268726731e-02   4.1987411894240939e-01  -9.0208445144152671e-01
  -2.5916847686514369e-02   4.2775617950721584e-01  -9.0352253314424014e-01
  -1.6275340903129373e-01   4.0754242333668084e-01  -8.9856580228136773e-01
  -2.7133430637913264e-01   3.2681102899318781e-01  -9.0530229509825544e-01
  -3.6440563225162298e-01   2.3277647668791362e-01  -9.0167823922065249e-01
  -4.3373337631092479e-01   1.1998908380333217e-01  -8.9301622496008581e-01
  -5.5971693791288257e-01  -6.5730326949666892e-02  -8.2607292264818621e-01
  -5.1802726385827425e-01  -1.9589281890482360e-01  -8.3263062482773953e-01
  -4.7170629445009638e-01  -3.0773688248479680e-01  -8.2631179522907527e-01
  -3.9199972247569342e-01  -4.0776283988398720e-01  -8.2466095092997171e-01
  -2.8526456167515257e-01  -4.9933455089229384e-01  -8.1810093273230922e-01
  -1.6552347631176187e-01  -5.6405415311824947e-01  -8.0897768272043447e-01
  -3.7477191655461164e-02  -5.6301402856033456e-01  -8.2559715585137683e-01
   9.4615252155343527e-02  -5.3700538635373629e-01  -8.3825602836284763e-01
   2.2144262528382169e-01  -5.1785268619556035e-01  -8.2631214387025165e-01
   3.3972292730632520e-01  -4.6760532080202127e-01  -8.1604754556340653e-01
   4.3756830435547339e-01  -3.9046001121087476e-01  -8.0998454224057848e-01
   5.0965166520097471e-01  -2.7578769690441113e-01  -8.1498240864084559e-01
   5.5729666219305340e-01  -1.4221276400867083e-01  -8.1804398418513891e-01
   5.6211070412923392e-01  -1.4239034567124361e-02  -8.2693942111737129e-01
   5.5774138857012012e-01   1.1300664326615216e-01  -8.2228586395096870e-01
   5.2531331633680356e-01   2.4729056826836696e-01  -8.1418259286522310e-01
   4.5663592310255768e-01   3.6374060915856221e-01  -8.1189679330641107e-01
   3.5270313555856497e-01   4.4094010343723511e-01  -8.2533164446052654e-01
   2.4673607728832181e-01   5.1599047934650699e-01  -8.2028966431872907e-01
   1.3178681994544292e-01   5.5839090386094314e-01  -8.1904324218811930e-01
   9.8046574903879295e-03   5.6329220619434583e-01  -8.2619958795208970e-01
  -1.2248723004143527e-01   5.4040819699913822e-01  -8.3243970297728898e-01
  -2.6235591397763169e-01   4.9785279758656970e-01  -8.2662686040086286e-01
  -3.6615255249290102e-01   4.1217578947331324e-01  -8.3429217116965937e-01
  -4.6543790310528715e-01   3.1289054126547999e-01  -8.2792938559973117e-01
  -5.3986710049972941e-01   2.1647132645503442e-01  -8.1343941299940270e-01
  -5.6779973092611280e-01   8.4985654691708781e-02  -8.1876791831193263e-01
  -6.6605460653208259e-01   1.5049896466749929e-02  -7.4575113927752912e-01
  -6.5482161339881151e-01  -1.4050722504595978e-01  -7.4260782000707581e-01
  -6.2755418068011537e-01  -2.6657201779427969e-01  -7.3151562501425449e-01
  -5.8242707832154361e-01  -3.7677683199965395e-01  -7.2029016188348371e-01
  -4.9776436045119588e-01  -4.6578509347105346e-01  -7.3162482746608182e-01
  -3.8912198167868672e-01  -5.5399535368503194e-01  -7.3598453208599990e-01
  -2.6605668592779896e-01  -6.3802883748031047e-01  -7.2258774028946826e-01
  -1.3323416312673497e-01  -6.8851722986675301e-01  -7.1287634408257050e-01
  -7.5033737610047781e-03  -6.7851064405384820e-01  -7.3455224816743614e-01
   1.1967790257834669e-01  -6.5431714483945425e-01  -7.4669021260733859e-01
   2.5105799109308718e-01  -6.3406666488606755e-01  -7.3138864469484532e-01
   3.7123880204896331e-01  -5.8719281030217174e-01  -7.1929573569060468e-01
   4.7608340726101978e-01  -5.2337341982924945e-01  -7.0669997364296977e-01
   5.5524020860401835e-01  -4.1201596698213266e-01  -7.2246187006730289e-01
   6.2411303838598331e-01  -2.6791276907495082e-01  -7.3396571001866850e-01
   6.7447520615991008e-01  -1.2375339434428109e-01  -7.2785183496630379e-01
   6.9355255574164243e-01  -3.3808780014387679e-03  -7.2039809972554436e-01
   6.7416141949186614e-01   1.1631010606932746e-01  -7.2936845263203820e-01
   6.3654665808339583e-01   2.5194229503562326e-01  -7.2892621852629469e-01
   5.7199845995737997e-01   3.8972012764686187e-01  -7.2175895139118240e-01
   4.7790246947818127e-01   4.9854582201341879e-01  -7.2322976502603975e-01
   3.7590499643699504e-01   5.7357184075001100e-01  -7.2781232275384478e-01
   2.6817721739221534e-01   6.4221371776081326e-01  -7.1808253062694893e-01
   1.4761289457630258e-01   6.8119978227488420e-01  -7.1706156638287055e-01
   2.5326514320726759e-02   6.9083092338996921e-01  -7.2257262815617673e-01
  -9.7461677773111821e-02   6.6395348075786076e-01  -7.4139530397431774e-01
  -2.3138125102279547e-01   6.2243499648475975e-01  -7.4768803108391613e-01
  -3.6591722407448168e-01   5.6655852668327100e-01  -7.3831972814500013e-01
  -4.6618060123046240e-01   4.7027768833509065e-01  -7.4934274060045980e-01
  -5.6583598570088689e-01   3.8266045167525464e-01  -7.3034280718686873e-01
  -6.4774332781328026e-01   2.9668733922475776e-01  -7.0171589978930282e-01
  -6.6538830272000704e-01   1.7303870368112237e-01  -7.2616527983080070e-01
  -7.5375366730376481e-01  -5.8832109239272817e-02  -6.5451829000310124e-01
  -7.5190912504294660e-01  -1.9488630418953803e-01  -6.2980314076423372e-01
  -7.2530740367713897e-01  -3.1925548570142870e-01  -6.0992221227028010e-01
  -6.8096528654194688e-01  -4.2916596830022480e-01  -5.9338254960672265e-01
  -5.9794145569292001e-01  -5.1885108957635995e-01  -6.1094972167049555e-01
  -4.9726887164271288e-01  -5.9573678954063813e-01  -6.3073080381649071e-01
  -3.8105533542127468e-01  -6.7217567456811222e-01  -6.3480445324988322e-01
  -2.4892825565526505e-01  -7.4575565956575662e-01  -6.1796700539921245e-01
  -1.0872382726456761e-01  -7.8949316560883342e-01  -6.0405270535102096e-01
   1.8411189817361708e-02  -7.8480739613082218e-01  -6.1946620494411786e-01
   1.4011769394017756e-01  -7.5727584792952096e-01  -6.3788738973859005e-01
   2.7124240020410567e-01  -7.3298997236281627e-01  -6.2382149750315063e-01
   3.9668891300890158e-01  -6.8990058514879116e-01  -6.0553702521577635e-01
   5.1032117284331879e-01  -6.2604132666851386e-01  -5.8961390574760597e-01
   5.9933168971212680e-01  -5.1913415169226429e-01  -6.0934494192826449e-01
   6.6443321367218355e-01  -3.8215732308985628e-01  -6.4224939468873754e-01
   7.2937125753019838e-01  -2.4147976621299122e-01  -6.4008209723326603e-01
   7.8497484159405606e-01  -1.2026719554506050e-01  -6.0774196805890635e-01
   8.0412562196627257e-01  -5.3721725484597938e-04  -5.9445916217598693e-01
   7.8408044803258392e-01   1.1784663998178743e-01  -6.0936854239288185e-01
   7.3981627057379507e-01   2.3961109460293958e-01  -6.2869580015891824e-01
   6.7762462687281044e-01   3.7505115048233661e-01  -6.3258319577535416e-01
   5.9496628251251837e-01   5.0877486595629318e-01  -6.2222444378567299e-01
   4.9750278343541587e-01   6.1373347927228405e-01  -6.1304338907972133e-01
   3.8920536536098377e-01   6.8969682740788596e-01  -6.1060418426155583e-01
   2.6943938483740437e-01   7.5098992235401152e-01  -6.0284040543178341e-01
   1.4385345432121083e-01   7.8748668516153375e-01  -5.9930868871822207e-01
   1.9744840293942734e-02   7.9913362968690138e-01  -6.0082907984318235e-01
  -1.0008317084355470e-01   7.7398284150945973e-01  -6.2524708712863464e-01
  -2.2362002000260883e-01   7.2907835364794360e-01  -6.4686848809942576e-01
  -3.5341248560210170e-01   6.7987819470486921e-01  -6.4254591694710217e-01
  -4.7563101975988809e-01   6.0365231807065911e-01  -6.3982732977740853e-01
  -5.7061936201680374e-01   5.1764675050606557e-01  -6.3752285087049776e-01
  -6.6736591348272245e-01   4.3750379115328963e-01  -6.0267169358438433e-01
  -7.4348601864599484e-01   3.4419360597074217e-01  -5.7337535845795184e-01
  -7.6704113633552129e-01   2.2172205159789460e-01  -6.0206912145062952e-01
  -7.5641952086562414e-01   9.0555955132047478e-02  -6.4778787225722445e-01
  -8.3818922899657389e-01   1.3729355252181092e-02  -5.4520667750724439e-01
  -8.4188689752311097e-01  -1.1943504697833672e-01  -5.2627152814131339e-01
  -8.2947600405485478e-01  -2.5372122910948008e-01  -4.9758928504979405e-01
  -8.0249732749621250e-01  -3.7345220238895904e-01  -4.6532944447162677e-01
  -7.4906180606585837e-01  -4.8225482054537588e-01  -4.5424299527246614e-01
  -6.6669086086619456e-01  -5.7402731687067587e-01  -4.7541133297781746e-01
  -5.7133469147897475e-01  -6.5292264129419564e-01  -4.9726119373829675e-01
  -4.6517606120114519e-01  -7.1915194823133000e-01  -5.1617023106768856e-01
  -3.4571809907272222e-01  -7.8301542566311533e-01  -5.1707430718142788e-01
  -2.1107499360808105e-01  -8.4006191413742470e-01  -4.9974326157449550e-01
  -7.5660928055496401e-02  -8.7497751182991301e-01  -4.7821520025791264e-01
   5.2857817249399405e-02  -8.6842074548630799e-01  -4.9300249488682513e-01
   1.7676340658912049e-01  -8.4119926336172457e-01  -5.1101712046730996e-01
   3.0100806317130607e-01  -8.1194573853923258e-01  -5.0013824446230770e-01
   4.3370502825346879e-01  -7.5776275318224851e-01  -4.8754031459697428e-01
   5.7441787406358391e-01  -6.6513081464969115e-01  -4.7712168820931911e-01
   6.7287340372880822e-01  -5.4182587890759371e-01  -5.0365275686768751e-01
   7.3707722191265268e-01  -4.1736643349830321e-01  -5.3152838976524341e-01
   7.9531925596842001e-01  -2.9846227323768515e-01  -5.2762444270487718e-01
   8.5304668094743330e-01  -1.8307196132855127e-01  -4.8866759366657958e-01
   8.8635226894962538e-01  -6.2006263274889464e-02  -4.5884079879903461e-01
   8.8728680774674373e-01   5.8972158350499848e-02  -4.5743240521204509e-01
   8.5704036011678286e-01   1.7654760723881957e-01  -4.8405863643689145e-01
   8.0676475593808961e-01   2.9533547462388154e-01  -5.1176907488128021e-01
   7.4486012788426126e-01   4.1478083332098808e-01  -5.2262821412337535e-01
   6.6489226630191001e-01   5.3714236003245674e-01  -5.1903406369011340e-01
   5.5878892471930230e-01   6.5925764267312281e-01  -5.0312453546624314e-01
   4.2802949045607946e-01   7.5657863523302926e-01  -4.9434757409016983e-01
   2.9949243237393097e-01   8.2416767390416124e-01  -4.8067861221626096e-01
   1.7098011614691572e-01   8.6528716085823931e-01  -4.7121537446933387e-01
   4.2724422125546009e-02   8.8455481361046340e-01  -4.6447540889975686e-01
  -7.9732873248993710e-02   8.7343342657031342e-01  -4.8037143781984021e-01
  -1.9693581234399146e-01   8.3335788478631256e-01  -5.1645999039702506e-01
  -3.1978933572071860e-01   7.8556329612454945e-01  -5.2974058608080521e-01
  -4.4363824312524247e-01   7.2601638333924579e-01  -5.2543821745258457e-01
  -5.5026480999906635e-01   6.5907028797717360e-01  -5.1267435510504800e-01
  -6.4330890592677625e-01   5.7412912266246663e-01  -5.0648731678702530e-01
  -7.3636416616850120e-01   4.9077267345510073e-01  -4.6573597431667335e-01
  -8.1039791178860177e-01   3.9951432445954249e-01  -4.2853649683581096e-01
  -8.4241487813320448e-01   2.7707716128564808e-01  -4.6213138802044734e-01
  -8.5004777107122720e-01   1.4189936754629309e-01  -5.0723106804177587e-01
  -9.1064477001713040e-01  -5.7095044814819987e-02  -4.0922641495636786e-01
  -9.0372639550381795e-01  -1.9367736232646313e-01  -3.8179533966765600e-01
  -8.8429832887554605e-01  -3.2161386127097286e-01  -3.3849813852707095e-01
  -8.4274044757104949e-01  -4.4055866288701806e-01  -3.0934867477160760e-01
  -7.7677323901810780e-01  -5.4830128923082744e-01  -3.0982096664546460e-01
  -6.9312072434075744e-01  -6.3831535651605487e-01  -3.3486888049671854e-01
  -5.9854977516311136e-01  -7.1870642563463749e-01  -3.5383504688438111e-01
  -4.9627589397116545e-01  -7.8301189785723846e-01  -3.7497013864723411e-01
  -3.8193958570407249e-01  -8.3880268616588494e-01  -3.8798480196149082e-01
  -2.5684997013678856e-01  -8.8941580680459753e-01  -3.7811058626658101e-01
  -1.2601217149270769e-01  -9.2777214747980918e-01  -3.5122610238476820e-01
   1.3893700944123467e-02  -9.3721235770624178e-01  -3.4848236919072806e-01
   1.4559105446354509e-01  -9.1853004191382093e-01  -3.6756741825410399e-01
   2.6876629781354772e-01  -8.9130793598205660e-01  -3.6515043532084884e-01
   3.9272305977373817e-01  -8.4180062336993744e-01  -3.7032459925845812e-01
   5.2694531831670177e-01  -7.5875428400471523e-01  -3.8291065277503283e-01
   6.6317035146217740e-01  -6.4548072587385863e-01  -3.7889275193237559e-01
   7.5519098132825246e-01  -5.2953573499715767e-01  -3.8636574263447698e-01
   8.1704784637772532e-01  -4.1665929532203361e-01  -3.9853211708878283e-01
   8.7248697542599674e-01  -3.0330579045692069e-01  -3.8310843789624205e-01
   9.2132958989955094e-01  -1.8575319027782886e-01  -3.4153702446020995e-01
   9.4837240190342498e-01  -6.2403370110907824e-02  -3.1095917208972895e-01
   9.5026483692148245e-01   6.1313487398043189e-02  -3.0534799159922144e-01
   9.2472246328534136e-01   1.8142741835492052e-01  -3.3462285899884237e-01
   8.7951822964575865e-01   2.9909533097535718e-01  -3.7012115139442120e-01
   8.2333661564297755e-01   4.1510713844933633e-01  -3.8704377136180779e-01
   7.4959687768979510e-01   5.2736316664869165e-01  -3.9999076416834262e-01
   6.5052348700271168e-01   6.4262410041246276e-01  -4.0478816487998492e-01
   5.2508845031709483e-01   7.5361984347326549e-01  -3.9539758581321988e-01
   3.9827481425938271e-01   8.4052713438021875e-01  -3.6727552150562931e-01
   2.6985545255168747e-01   8.9936816111424667e-01  -3.4396939617079664e-01
   1.3918523751454059e-01   9.3317752927459119e-01  -3.3137164711995276e-01
   6.9394582630488751e-03   9.4672792634866632e-01  -3.2195974498463287e-01
  -1.1802841550354869e-01   9.3333078761591615e-01  -3.3906184394882177e-01
  -2.3354456396026105e-01   8.9465230053499156e-01  -3.8085981383188572e-01
  -3.5589126987311420e-01   8.4455636961535241e-01  -4.0008241972153502e-01
  -4.7296248599080021e-01   7.9083430908054231e-01  -3.8844250852153572e-01
  -5.7678427562360113e-01   7.3009788076242055e-01  -3.6643824022552585e-01
  -6.6801467570234352e-01   6.4518376664257271e-01  -3.7080223881092600e-01
  -7.5787962859710434e-01   5.6187172477160541e-01  -3.3153979166865721e-01
  -8.3512177523861664e-01   4.7233158636765321e-01  -2.8191220803951966e-01
  -8.8672420328580792e-01   3.5018933274447545e-01  -3.0180725395379121e-01
  -9.0935550030582024e-01   2.1544594606466796e-01  -3.5588708657079915e-01
  -9.1457130045639001e-01   7.4856588723874004e-02  -3.9743657041864244e-01
  -9.6204068473293625e-01  -4.8310610912830794e-03  -2.7286330234627620e-01
  -9.5469712122602934e-01  -1.4505347754392833e-01  -2.5983243711119902e-01
  -9.3633593300973506e-01  -2.8013011434357149e-01  -2.1166515913736597e-01
  -8.9466085190029909e-01  -4.1265992561182696e-01  -1.7115415820561536e-01
  -8.3122690809096389e-01  -5.3340532192605472e-01  -1.5665436414762957e-01
  -7.5349188445616477e-01  -6.3548023442749202e-01  -1.6856705404875955e-01
  -6.6590892673512292e-01  -7.2050463142901333e-01  -1.9348999298107972e-01
  -5.6857631551204812e-01  -7.9627515151372175e-01  -2.0655957136028144e-01
  -4.6430436571707762e-01  -8.5472400077219735e-01  -2.3209553739792368e-01
  -3.4782132510499253e-01  -9.0521175972954193e-01  -2.4415567953572795e-01
  -2.2416676454022830e-01  -9.4745069095709900e-01  -2.2822456020437745e-01
  -8.3881202731431098e-02  -9.7310913130230503e-01  -2.1452869832356253e-01
   6.5630055976554788e-02  -9.7319558004863549e-01  -2.2041564991241919e-01
   2.0545404545665233e-01  -9.5288149475762907e-01  -2.2317144117015142e-01
   3.3031053343243655e-01  -9.1904062207931403e-01  -2.1507972120041133e-01
   4.4448518530524123e-01  -8.6266544885527863e-01  -2.4133222618516151e-01
   5.5974078063734245e-01  -7.8783496479625570e-01  -2.5691696467143060e-01
   6.6114127036227477e-01  -7.0518740782569922e-01  -2.5613070973202001e-01
   7.5983620121648965e-01  -5.9963718880683425e-01  -2.5116566071167312e-01
   8.3740163544571922e-01  -4.8724434372922049e-01  -2.4769224948858637e-01
   8.9458531979355471e-01  -3.7345872223776921e-01  -2.4544997126582885e-01
   9.4301280506406848e-01  -2.5548771572769702e-01  -2.1319680250285303e-01
   9.7639915188467286e-01  -1.2945551642369515e-01  -1.7287557799286143e-01
   9.8867371827726747e-01  -2.3688006417322272e-03  -1.5006221233649011e-01
   9.7853178804786700e-01   1.2618580864058185e-01  -1.6294993549420791e-01
   9.4670820012365631e-01   2.5077001529305920e-01  -2.0213357773647100e-01
   8.9910173186100528e-01   3.7017600164706366e-01  -2.3363604937837371e-01
   8.3535882556163044e-01   4.8832329935054353e-01  -2.5242026041443844e-01
   7.5100788022641196e-01   5.9991974060576525e-01  -2.7583231984186080e-01
   6.5320912274075726e-01   7.0349926331840607e-01  -2.8001183631894977e-01
   5.5278698744691568e-01   7.8981404878006489e-01  -2.6574483035236024e-01
   4.4193415973879285e-01   8.6474783887157780e-01  -2.3854847227115647e-01
   3.2168983812534291e-01   9.2314693016102500e-01  -2.1051221670289369e-01
   1.9083373201284584e-01   9.6217243557243182e-01  -1.9443942745920637e-01
   5.3316570158418133e-02   9.8173519753122973e-01  -1.8262898257083843e-01
  -8.4010278594879195e-02   9.8013183966261019e-01  -1.7967707135301975e-01
  -2.0899052306694019e-01   9.5483182235510888e-01  -2.1123246030434886e-01
  -3.2462744897162982e-01   9.1094202445958017e-01  -2.5456167709938904e-01
  -4.4499731641596157e-01   8.6047311369335988e-01  -2.4811974728635902e-01
  -5.4764298530514222e-01   8.0909655245695722e-01  -2.1318989058662718e-01
  -6.4552534002795714e-01   7.3156902776931443e-01  -2.1932576909804824e-01
  -7.3456463977090980e-01   6.4689095793616780e-01  -2.0480937121787360e-01
  -8.1496338323839856e-01   5.5912361924239506e-01  -1.5236621143123633e-01
  -8.9011652140223352e-01   4.3118628963588040e-01  -1.4754986261203271e-01
  -9.3825251332950876e-01   2.8426470223621608e-01  -1.9716947099745288e-01
  -9.5775519435360379e-01   1.4077355656592558e-01  -2.5077438756872855e-01
  -9.8829509803382065e-01  -6.7938534802687620e-02  -1.3659119551122165e-01
  -9.7269458330111702e-01  -2.0913134929578284e-01  -1.0064455453918841e-01
  -9.3444351602827624e-01  -3.5188147425790006e-01  -5.4724248983422118e-02
  -8.7165568416021932e-01  -4.8967081160596376e-01  -2.0949093830917784e-02
  -7.9416232426222133e-01  -6.0763964342003707e-01  -8.9591554733956889e-03
  -7.1050371332337292e-01  -7.0330773834137228e-01  -2.3295891115002548e-02
  -6.1896690643603614e-01  -7.8426867776821507e-01  -4.2457152621189105e-02
  -5.1721095160768193e-01  -8.5398722176800734e-01  -5.6556667105094875e-02
  -4.0937741829972302e-01  -9.0819282977047666e-01  -8.7154537115101266e-02
  -2.8951299274206904e-01  -9.5310672072497049e-01  -8.8146502723726192e-02
  -1.5368367265168878e-01  -9.8456158695233553e-01  -8.3784307947176645e-02
  -1.1631261474706577e-03  -9.9602383823571894e-01  -8.9079519552765205e-02
   1.5210903228202238e-01  -9.8431497311975513e-01  -8.9369323542714971e-02
   2.9088864569393313e-01  -9.5440240902586693e-01  -6.7080827752580827e-02
   4.0869413416639616e-01  -9.1025675641340609e-01  -6.6345626093396837e-02
   5.1454392282873529e-01  -8.5094984711540744e-01  -1.0549364518434878e-01
   6.1784635230833584e-01  -7.8004085553675118e-01  -9.9005801005682792e-02
   7.0892860972199201e-01  -6.9637886479067490e-01  -1.1169916289075096e-01
   7.9823397941500573e-01  -5.9152793970848039e-01  -1.1365390733065138e-01
   8.7858531486744407e-01  -4.6643393990111071e-01  -1.0260226219533922e-01
   9.3537364643300291e-01  -3.4305676559052778e-01  -8.5954622570245581e-02
   9.7564753946943217e-01  -2.1354875985126520e-01  -5.0087981524808242e-02
   9.9684000739539358e-01  -7.8907153256503160e-02  -9.1466289367391172e-03
   9.9841638811823263e-01   5.6226121304273242e-02  -1.8273532826661694e-03
   9.8047643458726519e-01   1.9367284230312498e-01  -3.4011635851179001e-02
   9.4233701057599728e-01   3.2639653457568552e-01  -7.3934164739151584e-02
   8.8412547768006056e-01   4.5520208520880701e-01  -1.0541916969203839e-01
   8.0526124478257255e-01   5.7823154935322307e-01  -1.3115869389328721e-01
   7.1769439907453136e-01   6.8247571385807504e-01  -1.3835335027008960e-01
   6.2766898176967389e-01   7.6912966207871636e-01  -1.2029635171068224e-01
   5.2713632231137653e-01   8.4312053653643615e-01  -1.0618407870555979e-01
   4.1823357974058312e-01   9.0511597873801974e-01  -7.6457424822537326e-02
   2.9923846781912777e-01   9.5229373265355466e-01  -5.9941522553411231e-02
   1.6293235433372311e-01   9.8522837962259935e-01  -5.2707569641346735e-02
   1.7534577733740696e-02   9.9897705272624815e-01  -4.1681971043582899e-02
  -1.2959894306274489e-01   9.9065890988634098e-01  -4.2415070668643674e-02
  -2.6455497436093611e-01   9.6155889386050153e-01  -7.3587765142401160e-02
  -3.8108167106933521e-01   9.1835922142090221e-01  -1.0673846732175443e-01
  -4.8752507008294405e-01   8.7066057762005233e-01  -6.5341140324739769e-02
  -5.9201672237720027e-01   8.0403713237203511e-01  -5.5140640118803909e-02
  -6.8669499557490798e-01   7.2447025749636995e-01  -5.9940212341302992e-02
  -7.6967237330117322e-01   6.3781467914846113e-01  -2.8228936212421309e-02
  -8.5706929588614944e-01   5.1489079047604835e-01  -1.7880042845872770e-02
  -9.2996109020263829e-01   3.6459038705818930e-01  -4.7394307399518727e-02
  -9.7154017957905736e-01   2.1977267171187542e-01  -8.8372236772174262e-02
  -9.8801764719204610e-01   7.8410384198909069e-02  -1.3293961218114392e-01
