   0.0000000000000000e+00   0.0000000000000000e+00   1.0000000000000000e+00
   1.0355866979509364e-01   0.0000000000000000e+00   9.9462334675507735e-01
   6.5163261609423859e-02   9.6754306632085896e-02   9.9317287190325843e-01
  -2.8596222782917822e-02   1.2103928304769056e-01   9.9223573207270199e-01
  -8.7177227341720981e-02   3.0801680631700079e-02   9.9571651964968055e-01
  -1.0528405696963856e-01  -7.4370183518860475e-02   9.9165737185349700e-01
  -2.1798954459834624e-02  -1.1217727631001315e-01   9.9344907482171674e-01
   7.8046271837682091e-02  -9.2900153948517999e-02   9.9261187825281449e-01
   1.9885725472498444e-01   4.3284804559518664e-02   9.7907212090707951e-01
   1.5762252360589099e-01   1.3203801754916064e-01   9.7863226084867949e-01
   6.9646856060661164e-02   2.0432362768634665e-01   9.7642263933706330e-01
  -3.1065457590601538e-02   2.2201865127812523e-01   9.7454741076528895e-01
  -1.2614218713756506e-01   1.5257221734622950e-01   9.8020909357045161e-01
  -1.8144965754104231e-01   7.2917582534238148e-02   9.8069314667514684e-01
  -2.0270586313400346e-01  -1.7770429263185849e-02   9.7907841611124324e-01
  -1.8835879715657833e-01  -1.2308383290973346e-01   9.7435688205604409e-01
  -1.2119075380246445e-01  -2.0166915582021930e-01   9.7192713347429016e-01
  -3.1630644745900070e-02  -2.1299297619572133e-01   9.7654159891130476e-01
   7.2898390081670594e-02  -1.9257947316590393e-01   9.7856986017281544e-01
   1.7785934813724910e-01  -1.3928976080854474e-01   9.7414804563479529e-01
   2.0495523689596687e-01  -5.5342226686386407e-02   9.7720549978717919e-01
   3.0704996423529896e-01  -1.6432382870222608e-02   9.5155152054752556e-01
   2.8711468222965181e-01   8.6029697763765081e-02   9.5402518328964525e-01
   2.5646151494415997e-01   1.7731147891280633e-01   9.5015163568679917e-01
   1.7487015148589713e-01   2.3509837653156077e-01   9.5611149113036176e-01
   8.2529626030295997e-02   2.9801926081312896e-01   9.5098547886479090e-01
  -2.0791922263248858e-02   3.1668014767310021e-01   9.4830447644115989e-01
  -1.3198602690949041e-01   2.5582012715056962e-01   9.5767204785631788e-01
  -2.2194115339103546e-01   1.9820005322830650e-01   9.5470354735475527e-01
  -2.7678805006883250e-01   1.2466334919620846e-01   9.5281027739328972e-01
  -3.0262697270462724e-01   3.5839371420784749e-02   9.5243501345120440e-01
  -2.9316933503188219e-01  -6.5050935356211870e-02   9.5384491234489788e-01
  -2.8932014673422440e-01  -1.6187830605888964e-01   9.4344542328700254e-01
  -2.2004561851060636e-01  -2.3117947710332062e-01   9.4770036147535575e-01
  -1.2836262309046137e-01  -3.0417764321862711e-01   9.4392743278246649e-01
  -2.8591388572882320e-02  -3.2019047555833313e-01   9.4692163976815047e-01
   5.8902348934183286e-02  -2.9279768480297313e-01   9.5435843846222401e-01
   1.6120390116889710e-01  -2.4277013153146232e-01   9.5659603045597308e-01
   2.6565516222001034e-01  -1.8892217910708431e-01   9.4537598077552765e-01
   3.1210811046316855e-01  -1.0451895307175460e-01   9.4427978683856983e-01
   3.8989464884462904e-01   4.1766066132857965e-02   9.1991182105792568e-01
   3.7365751987418250e-01   1.4138993345570680e-01   9.1672730108733302e-01
   3.3879705584284769e-01   2.3313479601760728e-01   9.1151781213427030e-01
   2.5968004650152188e-01   2.9517604149109672e-01   9.1947668702290308e-01
   1.7619882801105868e-01   3.4450808148511031e-01   9.2209986161965019e-01
   8.5664755319447380e-02   3.9649703085370774e-01   9.1403044490884067e-01
  -1.6636174390570604e-02   4.0531438035953871e-01   9.1402597926722506e-01
  -1.2290689727200804e-01   3.4807251052580068e-01   9.2937582388355378e-01
  -2.2900678006635564e-01   3.0469136925705392e-01   9.2451017527331814e-01
  -3.1363398123091280e-01   2.5059727125207232e-01   9.1587921335635891e-01
  -3.6753627892679952e-01   1.6996010642090631e-01   9.1434711455663054e-01
  -3.9782505278439817e-01   7.8057296460963460e-02   9.1413471974665528e-01
  -3.9380611334543597e-01  -2.2085229466719737e-02   9.1892817332540411e-01
  -3.8799514746985703e-01  -1.2119512200550007e-01   9.1365831027902100e-01
  -3.7738604806405640e-01  -2.2040088849207565e-01   8.9944606235087676e-01
  -3.0630772136859014e-01  -2.8253217596874619e-01   9.0903858519446112e-01
  -2.1950767266827031e-01  -3.3792685201905820e-01   9.1521681820443457e-01
  -1.1565811518986174e-01  -3.9839513641545760e-01   9.0989258468856515e-01
  -9.4599085844050881e-03  -4.1572757796871668e-01   9.0943998759997313e-01
   8.5806400742725775e-02  -3.9679082080619132e-01   9.1388965751644646e-01
   1.5964756735024396e-01  -3.4283117489907483e-01   9.2573184009002807e-01
   2.5293915168166214e-01  -2.8911400102522439e-01   9.2327400047751140e-01
   3.5240002646768442e-01  -2.2963640821936843e-01   9.0723830461774646e-01
   4.0311334929601744e-01  -1.4206176642966209e-01   9.0405645959654046e-01
   4.2202463533558687e-01  -4.7996486926075589e-02   9.0531295385221344e-01
   4.9766023753784300e-01   1.4397621615978550e-02   8.6725255633268716e-01
   4.7266536297663708e-01   1.0832419960156781e-01   8.7455893021730879e-01
   4.5343450228192783e-01   2.0281897880364869e-01   8.6790645462364524e-01
   4.0434595540926449e-01   2.9412689226421329e-01   8.6602177778111622e-01
   3.2810843085139502e-01   3.6056071293992237e-01   8.7312131453108521e-01
   2.4905763402340714e-01   4.1481511861060516e-01   8.7515639305596815e-01
   1.6278496380847851e-01   4.5605959096156329e-01   8.7493468616225512e-01
   4.8843185178328738e-02   4.8831347130411029e-01   8.7130034833263170e-01
  -6.0855207022372966e-02   4.8993324085275236e-01   8.6963329242030696e-01
  -1.3518740064853191e-01   4.3519358096295785e-01   8.9012971739771207e-01
  -2.3249492536746216e-01   3.9393558615295154e-01   8.8924735796105048e-01
  -3.3387558099119258e-01   3.4585548867634219e-01   8.7687574796560663e-01
  -4.1583553622544694e-01   2.6206824226103265e-01   8.7086224123583844e-01
  -4.6737920269499117e-01   1.6779127788760026e-01   8.6798776947203615e-01
  -4.9030634668883749e-01   6.7841020980108427e-02   8.6890579596928808e-01
  -4.8396701422728233e-01  -3.2982158027869288e-02   8.7446446834148395e-01
  -4.7886530045434006e-01  -1.3416970821774554e-01   8.6757507653086696e-01
  -4.7087782417901242e-01  -2.2962603987670463e-01   8.5178985466309765e-01
  -4.0834564842528831e-01  -3.1972294677674901e-01   8.5500354894966546e-01
  -3.2958637975437688e-01  -3.7884415018592915e-01   8.6478316828572976e-01
  -2.4073723818444259e-01  -4.2405143330317380e-01   8.7305553320785434e-01
  -1.5563492342616150e-01  -4.7332264227909154e-01   8.6703139903700832e-01
  -4.9263128045513790e-02  -4.9552702343709287e-01   8.6719439185153069e-01
   6.5938626366783631e-02  -4.9553341627657438e-01   8.6608240422382965e-01
   1.6103277907381605e-01  -4.7249361279642099e-01   8.6649768027984320e-01
   2.2813687323642251e-01  -4.1213350493208711e-01   8.8209950752865851e-01
   3.0880608992658792e-01  -3.5572855412780907e-01   8.8209749722034159e-01
   3.9405159381213145e-01  -3.0550367835921566e-01   8.6682803595817548e-01
   4.6290690732045864e-01  -2.1604639500578882e-01   8.5967502601855950e-01
   5.0255586207606462e-01  -1.0699469582065872e-01   8.5789844419909533e-01
   5.7201447639395264e-01   7.2825380299970321e-02   8.1700422445659171e-01
   5.5659376952362183e-01   1.6520466401801215e-01   8.1419333988566933e-01
   5.2027898033418463e-01   2.5822298204820998e-01   8.1402129834823789e-01
   4.7075795787948405e-01   3.4614731824353240e-01   8.1152263010094094e-01
   3.9559098082425503e-01   4.1684584641764399e-01   8.1838091144335823e-01
   3.2124380176239586e-01   4.7906883608943368e-01   8.1688155207297819e-01
   2.3674795284945557e-01   5.2176971289349583e-01   8.1957719192802758e-01
   1.2802166633050227e-01   5.4253695191494355e-01   8.3021931364959445e-01
   1.0655929820553401e-02   5.6764930481238196e-01   8.2320150504337564e-01
  -8.6901078896701969e-02   5.8328103551406907e-01   8.0760846707809120e-01
  -1.6371589918141238e-01   5.3269926967458125e-01   8.3031836812357063e-01
  -2.4073372755742412e-01   4.8270439231170398e-01   8.4204735143535514e-01
  -3.3317065199333834e-01   4.3518072272781655e-01   8.3642994638907397e-01
  -4.2516011559419908e-01   3.5803751429044661e-01   8.3129297751673903e-01
  -5.0295526038836202e-01   2.7113173226791815e-01   8.2068482976418722e-01
  -5.5114636000661421e-01   1.7345999426326247e-01   8.1617971075103835e-01
  -5.7469089873027290e-01   6.9559724316846122e-02   8.1540898674809537e-01
  -5.7016720130680287e-01  -3.1707927011536408e-02   8.2091654260259539e-01
  -5.6648609574187936e-01  -1.3002544357640106e-01   8.1374866350359210e-01
  -5.6319829771051921e-01  -2.2574512309686207e-01   7.9488792722871060e-01
  -5.0530263454215052e-01  -3.1701994328985633e-01   8.0260052521865333e-01
  -4.3654312823115121e-01  -4.0484398216428791e-01   8.0344971672129084e-01
  -3.5134358991738923e-01  -4.6556021030596206e-01   8.1228773990737402e-01
  -2.6843384348385080e-01  -5.1258029536553606e-01   8.1560082912872722e-01
  -1.8740866741768936e-01  -5.5846224021366186e-01   8.0808286557274822e-01
  -9.1013162849600829e-02  -5.7000151360707219e-01   8.1658733683162066e-01
   2.0115577005754590e-02  -5.7150139103416164e-01   8.2035451093276968e-01
   1.2896810129208999e-01  -5.7277691488340499e-01   8.0950221409565137e-01
   2.2073052876523222e-01  -5.4529155150591790e-01   8.0866257334396885e-01
   2.9201825154290606e-01  -4.7897825970433622e-01   8.2783160576075465e-01
   3.6856152103082501e-01  -4.2907756815598785e-01   8.2465437955593757e-01
   4.4518908682855718e-01  -3.7566061971751791e-01   8.1282579668844523e-01
   5.0519776626275426e-01  -2.8627823569104316e-01   8.1413757359106520e-01
   5.5406563474251724e-01  -1.7673025442239029e-01   8.1349719702600609e-01
   5.6981184012130326e-01  -4.5297643938217828e-02   8.2052580112463303e-01
   6.4164875981291802e-01   3.3132932350708483e-03   7.6699145439729821e-01
   6.5162568770028373e-01   1.0813647841172543e-01   7.5079322397437942e-01
   6.2735125578821682e-01   2.0862287488095815e-01   7.5027121625273052e-01
   5.9237412017485880e-01   2.9838655243524315e-01   7.4837047447963367e-01
   5.4412332575166567e-01   3.8063578682872240e-01   7.4769392411482527e-01
   4.7014347488451924e-01   4.5453419772051373e-01   7.5654727289580415e-01
   3.9742297082477318e-01   5.2529249749536400e-01   7.5241130662417255e-01
   3.1601944538662469e-01   5.7911110919075581e-01   7.5150650918630291e-01
   2.1398656367328064e-01   6.0432047709059222e-01   7.6746759640801776e-01
   1.1201690967662074e-01   6.2109888569355121e-01   7.7568575218108060e-01
   1.5801989632959822e-02   6.4753240240524745e-01   7.6187406108813582e-01
  -8.2632350613724634e-02   6.6767098998122754e-01   7.3985629940518716e-01
  -1.7637369377086545e-01   6.3087431892386692e-01   7.5557257352816087e-01
  -2.5430483575643859e-01   5.7930106961611638e-01   7.7442838355300114e-01
  -3.3236049082883024e-01   5.3074794919726898e-01   7.7964294299308090e-01
  -4.1293456259848865e-01   4.7045049069653189e-01   7.7984702526520366e-01
  -4.8662404234986240e-01   4.0601338819506000e-01   7.7353097547121330e-01
  -5.5136402354251290e-01   3.3118948362763712e-01   7.6570963130776304e-01
  -6.0603709113513937e-01   2.3770826667348238e-01   7.5908749437963174e-01
  -6.3935202912510036e-01   1.3464597437698300e-01   7.5703331791783757e-01
  -6.5521956940189530e-01   3.0031132059632093e-02   7.5484133894482219e-01
  -6.5133575729323590e-01  -6.5311659975274175e-02   7.5597362278225100e-01
  -6.4829870078884344e-01  -1.6229407830369941e-01   7.4388804715699686e-01
  -6.2376969950853911e-01  -2.7163156981712533e-01   7.3288993188180107e-01
  -5.6518214068005512e-01  -3.5902361684474143e-01   7.4274571045818283e-01
  -5.0306471725056212e-01  -4.4126587958178848e-01   7.4310854777382462e-01
  -4.2228620847624748e-01  -5.1095649652078423e-01   7.4873080395691027e-01
  -3.3894438343684741e-01  -5.6957697758647863e-01   7.4879821817367287e-01
  -2.6129843865499641e-01  -6.1837250268511845e-01   7.4117378116026489e-01
  -1.6965344731875637e-01  -6.4716834003852086e-01   7.4323000979821008e-01
  -6.8240010420936734e-02  -6.4782175504491502e-01   7.5872938170883875e-01
   3.2668934961617969e-02  -6.4822260390533126e-01   7.6074975943122425e-01
   1.3221409264937947e-01  -6.5110793047166327e-01   7.4738069053315059e-01
   2.2870130216801279e-01  -6.3377394031874446e-01   7.3893592885953774e-01
   3.1213976844809987e-01  -5.7050753025843060e-01   7.5966434882228895e-01
   3.9409503327698520e-01  -5.1525689248486495e-01   7.6105153537277104e-01
   4.7072550596021029e-01  -4.7236452952090763e-01   7.4517732741207010e-01
   5.2739347465777087e-01  -3.9078237568396784e-01   7.5441716426868066e-01
   5.8190116632687561e-01  -2.9736978521575025e-01   7.5694269496981104e-01
   6.2454923949155983e-01  -2.0957246201952742e-01   7.5234143220587546e-01
   6.3280654730597308e-01  -1.1016948131667502e-01   7.6643235779363339e-01
   7.1383151054821670e-01   2.8583694665183554e-02   6.9973391153190423e-01
   7.1258122003635282e-01   1.5087985304188564e-01   6.8517390113573506e-01
   6.9113261957532479e-01   2.5243221249050790e-01   6.7721021865894537e-01
   6.5804064780046245e-01   3.4195930238942784e-01   6.7085493316490086e-01
   6.0775887608704060e-01   4.2065683441963636e-01   6.7355547373135338e-01
   5.3385642278148238e-01   4.9049288856383183e-01   6.8877721080423937e-01
   4.6014072339070772e-01   5.6541051160010036e-01   6.8453010748219745e-01
   3.7630977116643505e-01   6.2938699507777407e-01   6.7989923264527607e-01
   2.7626726027171095e-01   6.6408603213514028e-01   6.9474178140152776e-01
   1.8002667742809428e-01   6.8795817238930745e-01   7.0306752766499236e-01
   8.8779618559047313e-02   7.0656731435348197e-01   7.0205470557202165e-01
  -1.4836283312148302e-02   7.2725181237650394e-01   6.8621038034452086e-01
  -1.4742253168818131e-01   7.1978541994212886e-01   6.7836240048323759e-01
  -2.4612872113251497e-01   6.7694154686888586e-01   6.9366475674956463e-01
  -3.2974521619736064e-01   6.2999815103492152e-01   7.0311480007715388e-01
  -4.0581287216617840e-01   5.7671549279751466e-01   7.0902408502924408e-01
  -4.7893217378563341e-01   5.1837708754319267e-01   7.0845548062189845e-01
  -5.4996984648290825e-01   4.5821183260575810e-01   6.9826576918794969e-01
  -6.0548075558963055e-01   3.8645818280973776e-01   6.9573208029384814e-01
  -6.5284848754008151e-01   2.9453100357703627e-01   6.9788275537409006e-01
  -6.9565761182632679e-01   1.8921207768724488e-01   6.9300741465396143e-01
  -7.2062572650755807e-01   8.6083173993562315e-02   6.8795948241931237e-01
  -7.3303666374202647e-01  -1.1348250910696139e-02   6.8009445433059312e-01
  -7.2541301647019862e-01  -1.0567709048058088e-01   6.8015315046183999e-01
  -7.0311150738341255e-01  -2.1576044556606361e-01   6.7755563484791359e-01
  -6.6456508041751017e-01  -3.3407932741697965e-01   6.6838930039482725e-01
  -6.1151706676929352e-01  -4.1914326529954360e-01   6.7109298923764349e-01
  -5.5062146883950436e-01  -4.9587277328187740e-01   6.7151038024051912e-01
  -4.7244063635702710e-01  -5.5977056151527738e-01   6.8077658859528811e-01
  -3.9079026754814550e-01  -6.2308102026327084e-01   6.7753450759155442e-01
  -3.1340141404257649e-01  -6.8068818409245113e-01   6.6215039810683118e-01
  -2.2464299410082939e-01  -7.0931031228978725e-01   6.6814250432133049e-01
  -1.1336113256350888e-01  -7.1833547017027199e-01   6.8639886794718197e-01
  -8.3355096568975481e-03  -7.2236498814070893e-01   6.9146174383492331e-01
   8.4160388064486336e-02  -7.2868909499084389e-01   6.7965375885244683e-01
   1.7694508006657991e-01  -7.2149617311329650e-01   6.6942789815117487e-01
   2.8121847942900641e-01  -6.7982075644501316e-01   6.7731817186176813e-01
   3.6861780696620022e-01  -6.1817661169282379e-01   6.9424677827369785e-01
   4.5792441399865941e-01  -5.7109942847443751e-01   6.8128604408145288e-01
   5.4118872347953706e-01  -5.0778217899125455e-01   6.7027757256041509e-01
   5.9078911432682402e-01  -4.2595606390238233e-01   6.8522233911170505e-01
   6.4013735495436441e-01  -3.4131080770500299e-01   6.8828126469909723e-01
   6.9069014009732288e-01  -2.5796725615046540e-01   6.7557384875862436e-01
   7.1281857784896829e-01  -1.7357771885242090e-01   6.7952958036524369e-01
   7.0309060497867604e-01  -8.0789156037921181e-02   7.0649608169996236e-01
   7.7104700295383621e-01  -3.7653073135199076e-02   6.3566403494250190e-01
   7.7027081598866276e-01   7.6332215338118931e-02   6.3313210543908982e-01
   7.7155744639301360e-01   1.8592014468884024e-01   6.0838540968235977e-01
   7.4957288798440336e-01   2.8511215061488115e-01   5.9737052753753972e-01
   7.1555588934675796e-01   3.7932897845219715e-01   5.8659125064015638e-01
   6.6467456793442692e-01   4.5881157869029882e-01   5.8966062612395842e-01
   5.9052921219052601e-01   5.2533001580611705e-01   6.1262029352836622e-01
   5.1581373004944098e-01   5.9845109051430323e-01   6.1301915806500173e-01
   4.3345812886342672e-01   6.6591856096654278e-01   6.0717915040164694e-01
   3.3597635202875326e-01   7.1332100748420735e-01   6.1505530739858394e-01
   2.4174554883969143e-01   7.4484360706814245e-01   6.2190601430273618e-01
   1.4870867662577311e-01   7.6905561007707957e-01   6.2164233937625435e-01
   5.0580543173187005e-02   7.7924149182726921e-01   6.2467936260702361e-01
  -7.6807053088935193e-02   7.7519843296812629e-01   6.2703115243148400e-01
  -2.0185974490367151e-01   7.6334575938603932e-01   6.1364150366054571e-01
  -2.9792834034655286e-01   7.2618048738525998e-01   6.1959713020579343e-01
  -3.8599972934005011e-01   6.7889633746198830e-01   6.2458303845854324e-01
  -4.6471750213887608e-01   6.2415394692890314e-01   6.2806806457491182e-01
  -5.3762189329598198e-01   5.6500673292132619e-01   6.2588344889636827e-01
  -6.0761616051847012e-01   5.0488342296163746e-01   6.1310303432239943e-01
  -6.6311138727196661e-01   4.2985687326267047e-01   6.1278573464065589e-01
  -7.0178103201738384e-01   3.4229409597697519e-01   6.2477046581918472e-01
  -7.3947811855501711e-01   2.4183896506621930e-01   6.2824042145824399e-01
  -7.7572482242515362e-01   1.3510737720461796e-01   6.1643896413055599e-01
  -7.9731646584694704e-01   3.8772127525614854e-02   6.0231484741493102e-01
  -7.9858329840030384e-01  -6.0477518298657225e-02   5.9883819625715839e-01
  -7.7501291661227256e-01  -1.6414284554466826e-01   6.1025577042797219e-01
  -7.3933692460613210e-01  -2.7797211799648902e-01   6.1328004494724309e-01
  -7.1356302433054031e-01  -3.8142295352215178e-01   5.8766005550376754e-01
  -6.6217232006573190e-01  -4.6151787070640321e-01   5.9036350967636320e-01
  -5.9737644509604093e-01  -5.4035169306139130e-01   5.9258875339488581e-01
  -5.1736539193235598e-01  -6.0628594477901931e-01   6.0394569656061925e-01
  -4.3643217363217313e-01  -6.6909838151365142e-01   6.0152665250553017e-01
  -3.5662426642067629e-01  -7.3145558138427580e-01   5.8119864509624031e-01
  -2.6691871277030066e-01  -7.6957183824070485e-01   5.8009791118385179e-01
  -1.6548260348797103e-01  -7.7354443376027870e-01   6.1175527536861718e-01
  -5.7000049022906119e-02  -7.8416126139576980e-01   6.1793374283783975e-01
   3.8558135530011417e-02  -7.9864434372847859e-01   6.0056680095969106e-01
   1.2514140449012842e-01  -8.0059541587798055e-01   5.8599198711023470e-01
   2.2396448129199353e-01  -7.6757546450377467e-01   6.0055625665829415e-01
   3.2388039799086865e-01  -7.2631162394846938e-01   6.0627791706000134e-01
   4.0999555776794866e-01  -6.6759996495252338e-01   6.2146112461354985e-01
   5.1127198902297777e-01  -6.0588389957032862e-01   6.0951263603139516e-01
   5.9967555377417869e-01  -5.3702761143212752e-01   5.9328793579941941e-01
   6.5458261428936082e-01  -4.5696261066183813e-01   6.0225142052736014e-01
   6.9922001221238184e-01  -3.7651465393025985e-01   6.0772369535628046e-01
   7.4850972801091742e-01  -2.9704157924608143e-01   5.9287392190247035e-01
   7.8463386114868328e-01  -2.1345476364120508e-01   5.8205392174418524e-01
   7.8301977603064399e-01  -1.2741968618635663e-01   6.0880559616111496e-01
   8.2869851889647572e-01   9.1258089753791898e-03   5.5962083984545496e-01
   8.2810556544723890e-01   1.0823483561639385e-01   5.5002399296248961e-01
   8.2384524939592818e-01   2.1432289510215538e-01   5.2473298131791901e-01
   7.9713421284320130e-01   3.1721561297647033e-01   5.1376191139360661e-01
   7.6011969041532268e-01   4.1474305421364838e-01   5.0020621270077070e-01
   7.0229148881571402e-01   5.0267887039655712e-01   5.0408393943256036e-01
   6.2853118313005796e-01   5.6839625813391936e-01   5.3091830404732576e-01
   5.5528398223204067e-01   6.3907123353980888e-01   5.3221016294170276e-01
   4.7834865336856008e-01   7.0295989945917547e-01   5.2633634262972084e-01
   3.8689771698221476e-01   7.5188971782433867e-01   5.3382769581952816e-01
   2.8885806055005392e-01   7.9209780844264488e-01   5.3771933451905973e-01
   1.8585326669106483e-01   8.2100276316124787e-01   5.3982684829661443e-01
   8.5494721803042920e-02   8.3880405840832262e-01   5.3767871832679748e-01
  -1.2392395616449624e-02   8.3024944058296224e-01   5.5725424623107500e-01
  -1.1876946120515366e-01   8.2511365290136274e-01   5.5234162877770399e-01
  -2.1493765914694885e-01   8.2104222576813257e-01   5.2885864480609657e-01
  -3.0491627340131033e-01   7.8755306990392560e-01   5.3552425556641226e-01
  -3.9537896541728190e-01   7.4110748243904512e-01   5.4261881019590563e-01
  -4.8671596897345698e-01   6.8285268239931640e-01   5.4481169195079437e-01
  -5.6858286422606541e-01   6.2087758518473013e-01   5.3965224980876514e-01
  -6.4289435056555544e-01   5.5616667306978573e-01   5.2665499691674700e-01
  -7.0496229075197725e-01   4.7673185574308496e-01   5.2512370574701639e-01
  -7.5026130131707813e-01   3.9093785011691307e-01   5.3317499668680135e-01
  -7.7916207937800408e-01   3.0114893509081136e-01   5.4974155105196032e-01
  -8.1126196460911149e-01   2.0133277029168170e-01   5.4892544155398892e-01
  -8.4498123322637453e-01   1.0470804157775161e-01   5.2444536562371014e-01
  -8.5610878787122791e-01   3.0026837846940913e-03   5.1678692632432766e-01
  -8.4513541925716529e-01  -1.0652457592812106e-01   5.2383073395931012e-01
  -8.1417616730487519e-01  -2.1257516146856273e-01   5.4030451536088275e-01
  -7.8861067379625660e-01  -3.1150798550226699e-01   5.3014713065613561e-01
  -7.7015846016681433e-01  -4.0104735740314873e-01   4.9600097112146124e-01
  -7.1599457665505228e-01  -4.8341081335274949e-01   5.0365241162351793e-01
  -6.4685167535085841e-01  -5.6406021229344738e-01   5.1324359421551369e-01
  -5.6138846031058476e-01  -6.4026660201148522e-01   5.2431066647435032e-01
  -4.7538945399998406e-01  -7.0868966999017902e-01   5.2130971473281429e-01
  -3.9098643346217021e-01  -7.7332036216280853e-01   4.9910442425700319e-01
  -2.9411057503551774e-01  -8.1874414170817489e-01   4.9310952137514164e-01
  -1.9317734574500675e-01  -8.3078229089779354e-01   5.2199932779796565e-01
  -9.7468298757100183e-02  -8.3703843984987747e-01   5.3839258998530026e-01
  -4.7987240348452576e-03  -8.5508070779626633e-01   5.1847271423120589e-01
   8.4765352551716827e-02  -8.6614405180209264e-01   4.9255387170809739e-01
   1.8267670876909814e-01  -8.4046879672947450e-01   5.1013862997953741e-01
   2.8067080276646283e-01  -8.0383791348490774e-01   5.2446974108966404e-01
   3.7798165299754516e-01  -7.5986414816686787e-01   5.2890107423589505e-01
   4.6158961427937190e-01  -6.9758199786951192e-01   5.4800947458762139e-01
   5.5028246669159064e-01  -6.4468646605159030e-01   5.3063034905829709e-01
   6.2798656004925013e-01  -5.8496181022818183e-01   5.1327630080890940e-01
   6.9643995867376995e-01  -5.0193066473717840e-01   5.1287132085833365e-01
   7.4587195145833629e-01  -4.2489207489130759e-01   5.1297344641052567e-01
   7.8890765632688742e-01  -3.4688036798660082e-01   5.0724621249872148e-01
   8.3182109340525878e-01  -2.5644044173909164e-01   4.9225193590959027e-01
   8.5131602243867899e-01  -1.6040588744675915e-01   4.9953076102638982e-01
   8.4532978754379784e-01  -7.5515473613103817e-02   5.2888085949119623e-01
   8.9573031320120078e-01  -1.9349817433814597e-02   4.4417653087230646e-01
   8.8210252618099250e-01   6.3184415693632243e-02   4.6680066722163721e-01
   8.7558469910502212e-01   1.6219875820423285e-01   4.5501977707586799e-01
   8.5715567090642264e-01   2.7324049794060379e-01   4.3660483977863918e-01
   8.2559178710494963e-01   3.7390658582180047e-01   4.2260154536388067e-01
   7.7361201650460620e-01   4.7578890289782322e-01   4.1850850385501431e-01
   7.0468560133597213e-01   5.6649416802112140e-01   4.2720318452443329e-01
   6.3303977524826527e-01   6.3330041207876142e-01   4.4518673724011221e-01
   5.6271286395111098e-01   7.0090144067629578e-01   4.3828233275119749e-01
   4.8107723202022679e-01   7.5865132584067674e-01   4.3933229181559147e-01
   3.8511513479881293e-01   8.0385895668637053e-01   4.5331789144483581e-01
   2.7561442066194902e-01   8.4351307859694924e-01   4.6100149387943984e-01
   1.6819128510454831e-01   8.7425003481739427e-01   4.5541032952345895e-01
   6.9773669218063217e-02   8.9210465944090978e-01   4.4640890637135222e-01
  -2.3482535267308296e-02   8.8288005532292757e-01   4.6901106431554890e-01
  -1.1762761964618376e-01   8.7851544251711100e-01   4.6300578868448006e-01
  -2.1098619061437357e-01   8.7584375036526907e-01   4.3403058914797149e-01
  -2.9868107299069052e-01   8.4887861762218708e-01   4.3611318391098264e-01
  -3.8066923555935994e-01   8.0600737592636340e-01   4.5325825204948056e-01
  -4.7363865497447200e-01   7.4604005647080829e-01   4.6807121109400257e-01
  -5.7209088771837691e-01   6.7770118030993354e-01   4.6198823188055604e-01
  -6.6184774217894782e-01   6.0323936593036287e-01   4.4503913711556076e-01
  -7.3305090121540806e-01   5.2026560899139673e-01   4.3813248262151155e-01
  -7.8752552489040661e-01   4.3251206944914483e-01   4.3901806047918790e-01
  -8.2402280268549655e-01   3.4171866953641089e-01   4.5190128517697808e-01
  -8.4875786083294269e-01   2.5097875458351016e-01   4.6542427786053137e-01
  -8.8030361895527087e-01   1.5875525963921719e-01   4.4705962241197528e-01
  -9.0016304896201993e-01   5.6951311262798517e-02   4.3181365590824933e-01
  -8.9743547106085164e-01  -5.1297355001146926e-02   4.3815312009806989e-01
  -8.7862570792469730e-01  -1.6066910292045330e-01   4.4966910583290176e-01
  -8.5427425801039014e-01  -2.5765886392033521e-01   4.5147248193448031e-01
  -8.3836532321032331e-01  -3.4467966001943634e-01   4.2230263651478178e-01
  -8.0472287336249715e-01  -4.3641788956136723e-01   4.0244319196379597e-01
  -7.4144351769068173e-01  -5.2232234882702766e-01   4.2123731315053836e-01
  -6.6789582876261899e-01  -6.0530194439307206e-01   4.3304124288046797e-01
  -5.8760951697307562e-01  -6.7483766555834968e-01   4.4644056794429604e-01
  -4.9724633832482606e-01  -7.4703086285585985e-01   4.4123799582921480e-01
  -3.9468463271578580e-01  -8.1861225843762542e-01   4.1725053748755747e-01
  -2.8945509909766254e-01  -8.6511060908388993e-01   4.0963322577259698e-01
  -1.9200579874844889e-01  -8.8188062526001354e-01   4.3060461683309631e-01
  -1.0149846827893681e-01  -8.9181827950461412e-01   4.4086076858625067e-01
  -1.2899326827827452e-02  -9.0665238374036972e-01   4.2168123319077694e-01
   9.6778284552441168e-02  -9.0839185262016198e-01   4.0676554147616356e-01
   2.0422801994495654e-01  -8.8118052809163627e-01   4.2639394083582793e-01
   3.0686279480171735e-01  -8.4270211898465908e-01   4.4236677522757584e-01
   4.0672571631725069e-01  -7.9735226484561417e-01   4.4587392548991794e-01
   4.9012641080772529e-01  -7.4083021623763612e-01   4.5928933379519526e-01
   5.6829973484366159e-01  -6.9697989344944722e-01   4.3732646787476881e-01
   6.4048963670408754e-01  -6.4028896460020990e-01   4.2403191753199099e-01
   7.0805750638607079e-01  -5.5972868240733942e-01   4.3053265815833647e-01
   7.7239972884005326e-01  -4.8494396223783859e-01   4.1015608294511269e-01
   8.1443175850289140e-01  -4.1036324766473731e-01   4.1024738354794832e-01
   8.5342028046817286e-01  -3.1642238925683963e-01   4.1418678933860043e-01
   8.9082295391994648e-01  -2.0512223389381917e-01   4.0541254782227731e-01
   9.0448551924484499e-01  -1.0505054178700569e-01   4.1336464428714725e-01
   9.3627492931880085e-01   3.8278967320094497e-02   3.4917614092314736e-01
   9.2191981188276639e-01   1.2285992498798558e-01   3.6738168066738347e-01
   9.0490080003273188e-01   2.2410225307964216e-01   3.6184626882800641e-01
   8.8318526957410404e-01   3.2470865493311640e-01   3.3844950734022877e-01
   8.4158641654599675e-01   4.2239250606253453e-01   3.3662571842846439e-01
   7.8628375153383745e-01   5.1886823309357655e-01   3.3546030877023947e-01
   7.2610985979322296e-01   5.9959798622488902e-01   3.3652150960395372e-01
   6.5538807234824703e-01   6.7008946458841900e-01   3.4849187088260020e-01
   5.8076527033501169e-01   7.3762423961668300e-01   3.4441571088237410e-01
   4.8798879789587679e-01   7.9794151989323381e-01   3.5377431218025596e-01
   3.8524330270944268e-01   8.4422821752100596e-01   3.7264770824308824e-01
   2.8748261132548247e-01   8.8090956981963586e-01   3.7596818746493121e-01
   1.9113019436772916e-01   9.1029953737283531e-01   3.6718387908479339e-01
   9.9066031518069905e-02   9.3253909977066252e-01   3.4721282925344671e-01
   1.3353283109939823e-03   9.3113414282751472e-01   3.6467440952056290e-01
  -9.2797344584352445e-02   9.2467464561283441e-01   3.6927693212394408e-01
  -1.8693208431270580e-01   9.2047084493558717e-01   3.4320521481771482e-01
  -2.8886195817714472e-01   8.9784929538981084e-01   3.3230319271124320e-01
  -3.6959013717121370e-01   8.6540078523392794e-01   3.3835574684385711e-01
  -4.4491812018545290e-01   8.1289669688270560e-01   3.7582818751103481e-01
  -5.3285316399870697e-01   7.5160416822479326e-01   3.8879130638902387e-01
  -6.2180763704465347e-01   6.8580725330985703e-01   3.7818470860220449e-01
  -7.0157777901913632e-01   6.1664020532448849e-01   3.5713229644481692e-01
  -7.6866031162129633e-01   5.3491205405782927e-01   3.5075692403983333e-01
  -8.2671953657924735e-01   4.4040283760025356e-01   3.5011447909482291e-01
  -8.6820462021320011e-01   3.4393883247189572e-01   3.5766858536684809e-01
  -8.9585115380534919e-01   2.5293521168199223e-01   3.6534160578424468e-01
  -9.2229724152324155e-01   1.6398482472758788e-01   3.4996682062401541e-01
  -9.3683649981016115e-01   6.5307216683668859e-02   3.4361655965986015e-01
  -9.3554977781575388e-01  -4.2928969014153710e-02   3.5057626395447189e-01
  -9.2240215959248628e-01  -1.4491821403841018e-01   3.5801252382987236e-01
  -9.0401740021600896e-01  -2.3969798650141547e-01   3.5397374955475930e-01
  -8.8531411824711337e-01  -3.2868241887927202e-01   3.2891758778150959e-01
  -8.4904034883831003e-01  -4.2503781641227661e-01   3.1380462180153523e-01
  -7.8535671031986076e-01  -5.2294580025621373e-01   3.3127409731211199e-01
  -7.1604456269007699e-01  -6.0740307874665755e-01   3.4400826177732713e-01
  -6.4444717505258609e-01  -6.8131592024942600e-01   3.4712599352600942e-01
  -5.6907970179376854e-01  -7.3862898945418654e-01   3.6135233352533169e-01
  -4.7755373114803668e-01  -8.0179697849342058e-01   3.5925483872233360e-01
  -3.7430329321137340e-01  -8.6584473456853739e-01   3.3197882509440224e-01
  -2.7331160462570087e-01  -9.0741552376753265e-01   3.1921440130830392e-01
  -1.7844102339552737e-01  -9.2581588166479056e-01   3.3320227254147494e-01
  -9.1186638065706094e-02  -9.3939696280376705e-01   3.3048198636738418e-01
   6.7859422550644857e-03  -9.4421587031372634e-01   3.2925725692139768e-01
   1.1410911834125941e-01  -9.3977930923574371e-01   3.2217069861141762e-01
   2.2071859496137028e-01  -9.1231777059088470e-01   3.4490518596036868e-01
   3.2875628803457896e-01  -8.7340720391361260e-01   3.5927588178102071e-01
   4.2558825370690184e-01  -8.3232568753655634e-01   3.5511771030674960e-01
   5.0849695085013524e-01  -7.8280261278820895e-01   3.5867941171479079e-01
   5.8210448205882048e-01  -7.4273499679716515e-01   3.3090647696856484e-01
   6.5503950272061851e-01  -6.7971466412829007e-01   3.3001700750793211e-01
   7.2413343672377750e-01  -6.0029082151214674e-01   3.3953158237030440e-01
   7.8802193452333968e-01  -5.2852776110311139e-01   3.1572113716605321e-01
   8.4146204281284687e-01  -4.5186067478742675e-01   2.9624915373023786e-01
   8.7258745760275036e-01  -3.6634873148991826e-01   3.2307852879771531e-01
   9.0664392876028399e-01  -2.6167182656543808e-01   3.3094507342461588e-01
   9.3691065928297645e-01  -1.4827125107166553e-01   3.1656603201793698e-01
   9.4470547634740609e-01  -4.7276250719875040e-02   3.2449425122348785e-01
   9.7337164329320658e-01   1.2144402292709664e-02   2.2891080692190030e-01
   9.6291421820258249e-01   1.0021807751488189e-01   2.5050458144020143e-01
   9.4459973226111515e-01   1.8744639137279184e-01   2.6943495722260635e-01
   9.2549108551374482e-01   2.8169461020421782e-01   2.5320820922016740e-01
   8.9279117286521692e-01   3.8005055185659103e-01   2.4183775488424233e-01
   8.4624858053519647e-01   4.7261907927551361e-01   2.4595639013233830e-01
   7.9682065067394403e-01   5.5709936613959632e-01   2.3391696583705185e-01
   7.3954659693789848e-01   6.3038592506684044e-01   2.3597545727299143e-01
   6.6854664777473483e-01   6.9847699624425241e-01   2.5529446814761042e-01
   5.7189717138753349e-01   7.7721599212132686e-01   2.6242889884652504e-01
   4.7119810785481103e-01   8.3849726954688875e-01   2.7366890966358948e-01
   3.8078738840217291e-01   8.8160735346290364e-01   2.7887172526806575e-01
   2.9064303613873732e-01   9.1610164547304818e-01   2.7619630827661368e-01
   2.0423127630405755e-01   9.4267548999367712e-01   2.6391761279686576e-01
   1.1065302189110744e-01   9.6237273170388937e-01   2.4818266260792682e-01
   8.4938380921111417e-03   9.6425056146116928e-01   2.6485601642455597e-01
  -9.4792032774670021e-02   9.5806141802926381e-01   2.7043074863299471e-01
  -2.1976787001743003e-01   9.4201020511902067e-01   2.5361162583687408e-01
  -3.2553900258495017e-01   9.1810346016018718e-01   2.2607608064075976e-01
  -4.0884387039616421e-01   8.8274323243007924e-01   2.3154065569221252e-01
  -4.7669575990071505e-01   8.3288430104108224e-01   2.8118480323799100e-01
  -5.5678910602130116e-01   7.7546451063052124e-01   2.9772585404792529e-01
  -6.3648093740552636e-01   7.1737149519711874e-01   2.8331987963789734e-01
  -7.0537008182915362e-01   6.5903279266239112e-01   2.6101499163063946e-01
  -7.6919293887134832e-01   5.8381887579160319e-01   2.5980327761575084e-01
  -8.2940652722636421e-01   4.9226358393883396e-01   2.6412379014772036e-01
  -8.8157290160163382e-01   3.9166238763759209e-01   2.6349533823522675e-01
  -9.1888478223805159e-01   2.9424946246704003e-01   2.6280793520970119e-01
  -9.4594095540316503e-01   2.0635730230619576e-01   2.5022464442148118e-01
  -9.6267064697246196e-01   1.1395365227612157e-01   2.4551943016908898e-01
  -9.6674975832275789e-01   1.0629849783043295e-02   2.5550325061822426e-01
  -9.6216815903743358e-01  -9.0526126565367446e-02   2.5697753626258274e-01
  -9.4813258823124758e-01  -1.8618019052850074e-01   2.5764613676258852e-01
  -9.2904244659150237e-01  -2.7997902619221993e-01   2.4185094029945745e-01
  -8.9395096435216825e-01  -3.8434500631639146e-01   2.3050073634043219e-01
  -8.3385344232534353e-01  -4.9659225247450201e-01   2.4100740964641590e-01
  -7.6707318841756711e-01  -5.9070958862824918e-01   2.5032160416862187e-01
  -6.9726005939926516e-01  -6.7150300969296617e-01   2.5082288081397486e-01
  -6.2624148105546951e-01  -7.3959790945417414e-01   2.4661009658257554e-01
  -5.5349704781933273e-01  -7.8899722487430923e-01   2.6669157691221151e-01
  -4.6909115575266613e-01  -8.4163495842303226e-01   2.6758939507179419e-01
  -3.7795904399664093e-01  -8.9357482961498769e-01   2.4222094240525732e-01
  -2.7513942909047873e-01  -9.3443611403749849e-01   2.2611378406073496e-01
  -1.7630458665942586e-01  -9.5790774992191474e-01   2.2656000388944100e-01
  -8.2682925448014116e-02  -9.7087959068488372e-01   2.2484740209953674e-01
   1.3357427562631443e-02  -9.7255615038290266e-01   2.3228455282540372e-01
   1.0802664203636708e-01  -9.6900785477728346e-01   2.2215765120804140e-01
   2.0254262898788636e-01  -9.4742065573683887e-01   2.4773087116032524e-01
   3.0154189055282049e-01  -9.1473101716157468e-01   2.6896032139403364e-01
   3.9680389611944444e-01  -8.7987532811957136e-01   2.6146907081126419e-01
   4.8590106739618094e-01  -8.3599701386938474e-01   2.5496891085919454e-01
   5.5926931804096380e-01  -7.9597760288940611e-01   2.3159768046427004e-01
   6.4179161893573589e-01  -7.3026454128784746e-01   2.3413077030048168e-01
   7.2281768912411593e-01  -6.4521422366895276e-01   2.4745341756488962e-01
   7.8967542094705001e-01  -5.7199182804826931e-01   2.2189654841411641e-01
   8.4845351883861775e-01  -4.8983912752651676e-01   2.0046010953411214e-01
   8.9622585050240844e-01  -3.8766917516780047e-01   2.1561965475334507e-01
   9.2446619630745863e-01  -2.9627055096014310e-01   2.3997085764440781e-01
   9.5197831849189374e-01  -1.9559774123430507e-01   2.3553939106948632e-01
   9.7111932999952266e-01  -8.6509594179151245e-02   2.2235857756389063e-01
   9.8685599571334670e-01   8.7280597464871310e-02   1.3600493017090973e-01
   9.7111217838840425e-01   1.7914360375241478e-01   1.5763472403098822e-01
   9.5111811258929368e-01   2.6773578069998905e-01   1.5392169319997415e-01
   9.1966445352600101e-01   3.6393245250549755e-01   1.4754817157137426e-01
   8.7627622208186629e-01   4.5907761171239048e-01   1.4624544108579746e-01
   8.3045537559649785e-01   5.4131107975299886e-01   1.3162896368019533e-01
   7.7573334494589952e-01   6.1867323730356460e-01   1.2442348244352101e-01
   7.1230504232433534e-01   6.8715816779918126e-01   1.4295166702840129e-01
   6.3482682861096063e-01   7.5104788235701581e-01   1.8144414039255258e-01
   5.3926650275052290e-01   8.2266957280013375e-01   1.8001781300767397e-01
   4.5956204922859961e-01   8.7174004424686735e-01   1.6991768055526152e-01
   3.7363432767173471e-01   9.1051335135465072e-01   1.7709552843088103e-01
   2.8660379945655867e-01   9.4394558678878027e-01   1.6378336704027702e-01
   2.0092555133797940e-01   9.6747523647812583e-01   1.5368991385619196e-01
   1.0078207793026656e-01   9.8321265405625335e-01   1.5210473257501264e-01
  -9.0780947592898967e-03   9.8437310993578819e-01   1.7586121980381580e-01
  -1.3390091842664875e-01   9.7200851163200308e-01   1.9305438964042737e-01
  -2.5104178506585190e-01   9.5468396661801436e-01   1.5986414868082366e-01
  -3.5298218430909589e-01   9.2791913709849916e-01   1.1987348567033596e-01
  -4.4272044829147661e-01   8.8736388127208843e-01   1.2877867400439030e-01
  -5.1471644167635999e-01   8.3749296251162964e-01   1.8350074226422158e-01
  -5.9129056937714231e-01   7.8233656496045989e-01   1.9576762166283523e-01
  -6.6540836283008054e-01   7.2758522494143696e-01   1.6688754034591771e-01
  -7.2897321775293700e-01   6.6779903074832259e-01   1.5047425803282802e-01
  -7.8946111224925164e-01   5.9129738221392081e-01   1.6467713269649442e-01
  -8.4701520264130326e-01   5.0245613456647775e-01   1.7350238998649484e-01
  -8.9675204571242084e-01   4.0733899727496919e-01   1.7294713009937751e-01
  -9.3645951854986942e-01   3.1073600589035338e-01   1.6274736483475558e-01
  -9.6499236285546797e-01   2.2148367330034338e-01   1.4048032635215388e-01
  -9.8144854060398523e-01   1.2554506205595367e-01   1.4490410463363043e-01
  -9.8722945552904506e-01   2.3078683723533000e-02   1.5762416214976133e-01
  -9.8485401420602714e-01  -7.7751949256256864e-02   1.5497485308632181e-01
  -9.7246020127235322e-01  -1.7418912189168373e-01   1.5485253228778098e-01
  -9.4896376975331431e-01  -2.7775846882799288e-01   1.4939209045296661e-01
  -9.1174180265500515e-01  -3.8418126930811886e-01   1.4536725079674684e-01
  -8.5937956521491055e-01  -4.8599235982414335e-01   1.5899116039450692e-01
  -7.9168551738394688e-01  -5.8876418253316243e-01   1.6306679285056533e-01
  -7.1805359370519006e-01  -6.7790676991115106e-01   1.5761169967896288e-01
  -6.4656735134027321e-01  -7.5017245962923507e-01   1.3853498112263024e-01
  -5.7577495611260454e-01  -8.0377871814502322e-01   1.4974302044059173e-01
  -4.9806063885310314e-01  -8.5050959596356412e-01   1.6902374744139811e-01
  -4.1651166423994262e-01  -8.9680771663569381e-01   1.4917758858067973e-01
  -3.2137807564792925e-01  -9.3616834605284227e-01   1.4249547481067451e-01
  -2.0294443147302701e-01  -9.7021252706151717e-01   1.3229213909750892e-01
  -9.5271184045091467e-02  -9.8800453350446404e-01   1.2153371246396015e-01
   1.5501346851517579e-03  -9.9211775801281121e-01   1.2529944659930073e-01
   9.2483232380193792e-02  -9.8917718146045375e-01   1.1390941754948788e-01
   1.8434021604851586e-01  -9.7385882694200343e-01   1.3273157097816390e-01
   2.7280930633969935e-01  -9.4776794372265116e-01   1.6526042244345632e-01
   3.6656517330368565e-01  -9.1529416559227361e-01   1.6693281329200230e-01
   4.5943312495967337e-01  -8.7443721515080997e-01   1.5582284957311418e-01
   5.3419660623996557e-01  -8.3701141148630642e-01   1.1851532779942014e-01
   6.1088808288419394e-01  -7.7897819163578985e-01   1.4145220799234282e-01
   7.0087302283309894e-01  -6.9448785898336030e-01   1.6267642604109173e-01
   7.7605717736398638e-01  -6.1569793830984465e-01   1.3656978517537821e-01
   8.4035910337817232e-01  -5.3077894378762902e-01   1.0986487246214305e-01
   8.9425388256548799e-01  -4.3056076349381128e-01   1.2217783127956035e-01
   9.3583881942288205e-01  -3.2730242820795846e-01   1.3068597686959499e-01
   9.6212991048008845e-01  -2.3238575479230827e-01   1.4248823224809168e-01
   9.8273471629178788e-01  -1.2598991812251645e-01   1.3549545352660647e-01
   9.9198606544051249e-01  -1.4361648961377853e-02   1.2552843905251679e-01
   9.9886236378860482e-01   3.3968050429774084e-02   3.3468638404349271e-02
   9.8860786277493939e-01   1.4343005866159975e-01   4.5632356194881978e-02
   9.7031476429194075e-01   2.3744787581600604e-01   4.5910396072589968e-02
   9.4284739404847462e-01   3.2954069569745298e-01   4.9413777585195197e-02
   9.0361089442950360e-01   4.2553755608547977e-01   4.9042224960839848e-02
   8.5880213302233221e-01   5.1144032989761734e-01   2.9794047568409469e-02
   8.0504113905570218e-01   5.9287585542092724e-01   2.0173856517813740e-02
   7.4124973067884625e-01   6.7070632272983721e-01   2.6492742756411947e-02
   6.7140902436405636e-01   7.3830329908356995e-01   6.4172895873745861e-02
   5.9778583620108416e-01   7.9624455720647147e-01   9.2987629050539519e-02
   5.2542142666607039e-01   8.4864697791159871e-01   6.1078893913542896e-02
   4.4689213818617785e-01   8.9237037620544624e-01   6.2948617922369166e-02
   3.6049961214503196e-01   9.3023891552967164e-01   6.8524372871715575e-02
   2.7398284196425321e-01   9.6061313069819776e-01   4.6430759625470448e-02
   1.8011941432143452e-01   9.8233528526016056e-01   5.0738387019515434e-02
   6.9092942822536169e-02   9.9540943714018493e-01   6.6228526364264656e-02
  -4.0962014284584319e-02   9.9463917499921506e-01   9.4947485183287189e-02
  -1.4151294231777573e-01   9.8476240293179507e-01   1.0107965635360457e-01
  -2.3693128492592472e-01   9.6921751214865015e-01   6.6940125244367030e-02
  -3.3222592756342645e-01   9.4271204309146051e-01   3.0330461007790174e-02
  -4.3782181847932694e-01   8.9863084071150756e-01   2.7832847241783587e-02
  -5.3188038716939845e-01   8.4312937432661661e-01   7.8969056548365599e-02
  -6.0990851082071085e-01   7.8774446045183355e-01   8.6430743696398055e-02
  -6.7695527216113938e-01   7.3468145232241100e-01   4.4437856684031884e-02
  -7.4106884814244944e-01   6.6996543229382644e-01   4.4308936391765148e-02
  -8.0405761395159780e-01   5.9081014608848381e-01   6.6593728874178748e-02
  -8.6032436524347022e-01   5.0378529052724053e-01   7.7732667629535568e-02
  -9.0824086688535866e-01   4.1164272269610630e-01   7.5158476372720176e-02
  -9.4511465252127058e-01   3.2110451783918526e-01   6.0416737853530918e-02
  -9.7523518702007972e-01   2.1737161844082886e-01   4.0815554563486622e-02
  -9.9278976415780917e-01   1.0979495023499040e-01   4.8099408378667469e-02
  -9.9815248230376763e-01   5.4571347583133485e-03   6.0513153537528487e-02
  -9.9349387228526642e-01  -1.0103490878049705e-01   5.2553524518754877e-02
  -9.7753781543838214e-01  -2.0284472319930461e-01   5.7217459382194170e-02
  -9.5114172821187337e-01  -3.0388645910102607e-01   5.4611654700908584e-02
  -9.1541537509380300e-01  -3.9953196573897853e-01   4.8876368467998609e-02
  -8.6880322040385860e-01  -4.9042721579766280e-01   6.8279647193266055e-02
  -8.1008570298255145e-01  -5.8111405963869822e-01   7.7894823406289337e-02
  -7.3989060768231341e-01  -6.6915360355556786e-01   6.9248418841840034e-02
  -6.6599974951335617e-01  -7.4492092304973268e-01   3.9206530717229800e-02
  -5.9565626029450702e-01  -8.0290888339834243e-01   2.3042233658860111e-02
  -5.2524709032392303e-01  -8.4906815541206249e-01   5.6557595169970457e-02
  -4.4527300939155762e-01  -8.9418119175713195e-01   4.6604113715220830e-02
  -3.5969114776338257e-01  -9.3218679540698379e-01   4.0620889816924681e-02
  -2.6164207178792365e-01  -9.6349988109820017e-01   5.6669263223348448e-02
  -1.4896778541772945e-01  -9.8819492510669216e-01   3.5768546253884904e-02
  -3.7532834779634712e-02  -9.9907641133181435e-01   2.0919145148592805e-02
   5.8460447873352875e-02  -9.9826645428831162e-01   6.8163243092704533e-03
   1.5095109129692497e-01  -9.8849774480939545e-01   9.2723536929187993e-03
   2.3925883236277518e-01  -9.6995410918306024e-01   4.4093505364140605e-02
   3.3204324389213624e-01  -9.4077562831013994e-01   6.8472632220828028e-02
   4.2836888698507836e-01  -9.0151685256744774e-01   6.1379648093223042e-02
   5.2647882543135016e-01  -8.4995894518672721e-01   1.9744312332720278e-02
   6.0773639535423796e-01  -7.9371363081432000e-01   2.5983572144463993e-02
   6.7393647172069260e-01  -7.3546143774413431e-01   7.0043598394107578e-02
   7.4488667908688222e-01  -6.6476543782339881e-01   5.6839669196617523e-02
   8.1134156517041067e-01  -5.8390844596163749e-01   2.7853031459675395e-02
   8.7130035149017659e-01  -4.9039802223976547e-01   1.8587019029985424e-02
   9.1580858894598949e-01  -4.0041367276159529e-01   3.1040603704275565e-02
   9.5279921689641289e-01  -3.0126385347058532e-01   3.7599772255106793e-02
   9.8025581344921542e-01  -1.9149522496577914e-01   4.9275947624805916e-02
   9.9605053490404838e-01  -7.8813708628779192e-02   4.0886810214752919e-02
  -0.0000000000000000e+00  -0.0000000000000000e+00  -1.0000000000000000e+00
  -1.0355866979509364e-01  -0.0000000000000000e+00  -9.9462334675507735e-01
  -6.5163261609423859e-02  -9.6754306632085896e-02  -9.9317287190325843e-01
   2.8596222782917822e-02  -1.2103928304769056e-01  -9.9223573207270199e-01
   8.7177227341720981e-02  -3.0801680631700079e-02  -9.9571651964968055e-01
   1.0528405696963856e-01   7.4370183518860475e-02  -9.9165737185349700e-01
   2.1798954459834624e-02   1.1217727631001315e-01  -9.9344907482171674e-01
  -7.8046271837682091e-02   9.2900153948517999e-02  -9.9261187825281449e-01
  -1.9885725472498444e-01  -4.3284804559518664e-02  -9.7907212090707951e-01
  -1.5762252360589099e-01  -1.3203801754916064e-01  -9.7863226084867949e-01
  -6.9646856060661164e-02  -2.0432362768634665e-01  -9.7642263933706330e-01
   3.1065457590601538e-02  -2.2201865127812523e-01  -9.7454741076528895e-01
   1.2614218713756506e-01  -1.5257221734622950e-01  -9.8020909357045161e-01
   1.8144965754104231e-01  -7.2917582534238148e-02  -9.8069314667514684e-01
   2.0270586313400346e-01   1.7770429263185849e-02  -9.7907841611124324e-01
   1.8835879715657833e-01   1.2308383290973346e-01  -9.7435688205604409e-01
   1.2119075380246445e-01   2.0166915582021930e-01  -9.7192713347429016e-01
   3.1630644745900070e-02   2.1299297619572133e-01  -9.7654159891130476e-01
  -7.2898390081670594e-02   1.9257947316590393e-01  -9.7856986017281544e-01
  -1.7785934813724910e-01   1.3928976080854474e-01  -9.7414804563479529e-01
  -2.0495523689596687e-01   5.5342226686386407e-02  -9.7720549978717919e-01
  -3.0704996423529896e-01   1.6432382870222608e-02  -9.5155152054752556e-01
  -2.8711468222965181e-01  -8.6029697763765081e-02  -9.5402518328964525e-01
  -2.5646151494415997e-01  -1.7731147891280633e-01  -9.5015163568679917e-01
  -1.7487015148589713e-01  -2.3509837653156077e-01  -9.5611149113036176e-01
  -8.2529626030295997e-02  -2.9801926081312896e-01  -9.5098547886479090e-01
   2.0791922263248858e-02  -3.1668014767310021e-01  -9.4830447644115989e-01
   1.3198602690949041e-01  -2.5582012715056962e-01  -9.5767204785631788e-01
   2.2194115339103546e-01  -1.9820005322830650e-01  -9.5470354735475527e-01
   2.7678805006883250e-01  -1.2466334919620846e-01  -9.5281027739328972e-01
   3.0262697270462724e-01  -3.5839371420784749e-02  -9.5243501345120440e-01
   2.9316933503188219e-01   6.5050935356211870e-02  -9.5384491234489788e-01
   2.8932014673422440e-01   1.6187830605888964e-01  -9.4344542328700254e-01
   2.2004561851060636e-01   2.3117947710332062e-01  -9.4770036147535575e-01
   1.2836262309046137e-01   3.0417764321862711e-01  -9.4392743278246649e-01
   2.8591388572882320e-02   3.2019047555833313e-01  -9.4692163976815047e-01
  -5.8902348934183286e-02   2.9279768480297313e-01  -9.5435843846222401e-01
  -1.6120390116889710e-01   2.4277013153146232e-01  -9.5659603045597308e-01
  -2.6565516222001034e-01   1.8892217910708431e-01  -9.4537598077552765e-01
  -3.1210811046316855e-01   1.0451895307175460e-01  -9.4427978683856983e-01
  -3.8989464884462904e-01  -4.1766066132857965e-02  -9.1991182105792568e-01
  -3.7365751987418250e-01  -1.4138993345570680e-01  -9.1672730108733302e-01
  -3.3879705584284769e-01  -2.3313479601760728e-01  -9.1151781213427030e-01
  -2.5968004650152188e-01  -2.9517604149109672e-01  -9.1947668702290308e-01
  -1.7619882801105868e-01  -3.4450808148511031e-01  -9.2209986161965019e-01
  -8.5664755319447380e-02  -3.9649703085370774e-01  -9.1403044490884067e-01
   1.6636174390570604e-02  -4.0531438035953871e-01  -9.1402597926722506e-01
   1.2290689727200804e-01  -3.4807251052580068e-01  -9.2937582388355378e-01
   2.2900678006635564e-01  -3.0469136925705392e-01  -9.2451017527331814e-01
   3.1363398123091280e-01  -2.5059727125207232e-01  -9.1587921335635891e-01
   3.6753627892679952e-01  -1.6996010642090631e-01  -9.1434711455663054e-01
   3.9782505278439817e-01  -7.8057296460963460e-02  -9.1413471974665528e-01
   3.9380611334543597e-01   2.2085229466719737e-02  -9.1892817332540411e-01
   3.8799514746985703e-01   1.2119512200550007e-01  -9.1365831027902100e-01
   3.7738604806405640e-01   2.2040088849207565e-01  -8.9944606235087676e-01
   3.0630772136859014e-01   2.8253217596874619e-01  -9.0903858519446112e-01
   2.1950767266827031e-01   3.3792685201905820e-01  -9.1521681820443457e-01
   1.1565811518986174e-01   3.9839513641545760e-01  -9.0989258468856515e-01
   9.4599085844050881e-03   4.1572757796871668e-01  -9.0943998759997313e-01
  -8.5806400742725775e-02   3.9679082080619132e-01  -9.1388965751644646e-01
  -1.5964756735024396e-01   3.4283117489907483e-01  -9.2573184009002807e-01
  -2.5293915168166214e-01   2.8911400102522439e-01  -9.2327400047751140e-01
  -3.5240002646768442e-01   2.2963640821936843e-01  -9.0723830461774646e-01
  -4.0311334929601744e-01   1.4206176642966209e-01  -9.0405645959654046e-01
  -4.2202463533558687e-01   4.7996486926075589e-02  -9.0531295385221344e-01
  -4.9766023753784300e-01  -1.4397621615978550e-02  -8.6725255633268716e-01
  -4.7266536297663708e-01  -1.0832419960156781e-01  -8.7455893021730879e-01
  -4.5343450228192783e-01  -2.0281897880364869e-01  -8.6790645462364524e-01
  -4.0434595540926449e-01  -2.9412689226421329e-01  -8.6602177778111622e-01
  -3.2810843085139502e-01  -3.6056071293992237e-01  -8.7312131453108521e-01
  -2.4905763402340714e-01  -4.1481511861060516e-01  -8.7515639305596815e-01
  -1.6278496380847851e-01  -4.5605959096156329e-01  -8.7493468616225512e-01
  -4.8843185178328738e-02  -4.8831347130411029e-01  -8.7130034833263170e-01
   6.0855207022372966e-02  -4.8993324085275236e-01  -8.6963329242030696e-01
   1.3518740064853191e-01  -4.3519358096295785e-01  -8.9012971739771207e-01
   2.3249492536746216e-01  -3.9393558615295154e-01  -8.8924735796105048e-01
   3.3387558099119258e-01  -3.4585548867634219e-01  -8.7687574796560663e-01
   4.1583553622544694e-01  -2.6206824226103265e-01  -8.7086224123583844e-01
   4.6737920269499117e-01  -1.6779127788760026e-01  -8.6798776947203615e-01
   4.9030634668883749e-01  -6.7841020980108427e-02  -8.6890579596928808e-01
   4.8396701422728233e-01   3.2982158027869288e-02  -8.7446446834148395e-01
   4.7886530045434006e-01   1.3416970821774554e-01  -8.6757507653086696e-01
   4.7087782417901242e-01   2.2962603987670463e-01  -8.5178985466309765e-01
   4.0834564842528831e-01   3.1972294677674901e-01  -8.5500354894966546e-01
   3.2958637975437688e-01   3.7884415018592915e-01  -8.6478316828572976e-01
   2.4073723818444259e-01   4.2405143330317380e-01  -8.7305553320785434e-01
   1.5563492342616150e-01   4.7332264227909154e-01  -8.6703139903700832e-01
   4.9263128045513790e-02   4.9552702343709287e-01  -8.6719439185153069e-01
  -6.5938626366783631e-02   4.9553341627657438e-01  -8.6608240422382965e-01
  -1.6103277907381605e-01   4.7249361279642099e-01  -8.6649768027984320e-01
  -2.2813687323642251e-01   4.1213350493208711e-01  -8.8209950752865851e-01
  -3.0880608992658792e-01   3.5572855412780907e-01  -8.8209749722034159e-01
  -3.9405159381213145e-01   3.0550367835921566e-01  -8.6682803595817548e-01
  -4.6290690732045864e-01   2.1604639500578882e-01  -8.5967502601855950e-01
  -5.0255586207606462e-01   1.0699469582065872e-01  -8.5789844419909533e-01
  -5.7201447639395264e-01  -7.2825380299970321e-02  -8.1700422445659171e-01
  -5.5659376952362183e-01  -1.6520466401801215e-01  -8.1419333988566933e-01
  -5.2027898033418463e-01  -2.5822298204820998e-01  -8.1402129834823789e-01
  -4.7075795787948405e-01  -3.4614731824353240e-01  -8.1152263010094094e-01
  -3.9559098082425503e-01  -4.1684584641764399e-01  -8.1838091144335823e-01
  -3.2124380176239586e-01  -4.7906883608943368e-01  -8.1688155207297819e-01
  -2.3674795284945557e-01  -5.2176971289349583e-01  -8.1957719192802758e-01
  -1.2802166633050227e-01  -5.4253695191494355e-01  -8.3021931364959445e-01
  -1.0655929820553401e-02  -5.6764930481238196e-01  -8.2320150504337564e-01
   8.6901078896701969e-02  -5.8328103551406907e-01  -8.0760846707809120e-01
   1.6371589918141238e-01  -5.3269926967458125e-01  -8.3031836812357063e-01
   2.4073372755742412e-01  -4.8270439231170398e-01  -8.4204735143535514e-01
   3.3317065199333834e-01  -4.3518072272781655e-01  -8.3642994638907397e-01
   4.2516011559419908e-01  -3.5803751429044661e-01  -8.3129297751673903e-01
   5.0295526038836202e-01  -2.7113173226791815e-01  -8.2068482976418722e-01
   5.5114636000661421e-01  -1.7345999426326247e-01  -8.1617971075103835e-01
   5.7469089873027290e-01  -6.9559724316846122e-02  -8.1540898674809537e-01
   5.7016720130680287e-01   3.1707927011536408e-02  -8.2091654260259539e-01
   5.6648609574187936e-01   1.3002544357640106e-01  -8.1374866350359210e-01
   5.6319829771051921e-01   2.2574512309686207e-01  -7.9488792722871060e-01
   5.0530263454215052e-01   3.1701994328985633e-01  -8.0260052521865333e-01
   4.3654312823115121e-01   4.0484398216428791e-01  -8.0344971672129084e-01
   3.5134358991738923e-01   4.6556021030596206e-01  -8.1228773990737402e-01
   2.6843384348385080e-01   5.1258029536553606e-01  -8.1560082912872722e-01
   1.8740866741768936e-01   5.5846224021366186e-01  -8.0808286557274822e-01
   9.1013162849600829e-02   5.7000151360707219e-01  -8.1658733683162066e-01
  -2.0115577005754590e-02   5.7150139103416164e-01  -8.2035451093276968e-01
  -1.2896810129208999e-01   5.7277691488340499e-01  -8.0950221409565137e-01
  -2.2073052876523222e-01   5.4529155150591790e-01  -8.0866257334396885e-01
  -2.9201825154290606e-01   4.7897825970433622e-01  -8.2783160576075465e-01
  -3.6856152103082501e-01   4.2907756815598785e-01  -8.2465437955593757e-01
  -4.4518908682855718e-01   3.7566061971751791e-01  -8.1282579668844523e-01
  -5.0519776626275426e-01   2.8627823569104316e-01  -8.1413757359106520e-01
  -5.5406563474251724e-01   1.7673025442239029e-01  -8.1349719702600609e-01
  -5.6981184012130326e-01   4.5297643938217828e-02  -8.2052580112463303e-01
  -6.4164875981291802e-01  -3.3132932350708483e-03  -7.6699145439729821e-01
  -6.5162568770028373e-01  -1.0813647841172543e-01  -7.5079322397437942e-01
  -6.2735125578821682e-01  -2.0862287488095815e-01  -7.5027121625273052e-01
  -5.9237412017485880e-01  -2.9838655243524315e-01  -7.4837047447963367e-01
  -5.4412332575166567e-01  -3.8063578682872240e-01  -7.4769392411482527e-01
  -4.7014347488451924e-01  -4.5453419772051373e-01  -7.5654727289580415e-01
  -3.9742297082477318e-01  -5.2529249749536400e-01  -7.5241130662417255e-01
  -3.1601944538662469e-01  -5.7911110919075581e-01  -7.5150650918630291e-01
  -2.1398656367328064e-01  -6.0432047709059222e-01  -7.6746759640801776e-01
  -1.1201690967662074e-01  -6.2109888569355121e-01  -7.7568575218108060e-01
  -1.5801989632959822e-02  -6.4753240240524745e-01  -7.6187406108813582e-01
   8.2632350613724634e-02  -6.6767098998122754e-01  -7.3985629940518716e-01
   1.7637369377086545e-01  -6.3087431892386692e-01  -7.5557257352816087e-01
   2.5430483575643859e-01  -5.7930106961611638e-01  -7.7442838355300114e-01
   3.3236049082883024e-01  -5.3074794919726898e-01  -7.7964294299308090e-01
   4.1293456259848865e-01  -4.7045049069653189e-01  -7.7984702526520366e-01
   4.8662404234986240e-01  -4.0601338819506000e-01  -7.7353097547121330e-01
   5.5136402354251290e-01  -3.3118948362763712e-01  -7.6570963130776304e-01
   6.0603709113513937e-01  -2.3770826667348238e-01  -7.5908749437963174e-01
   6.3935202912510036e-01  -1.3464597437698300e-01  -7.5703331791783757e-01
   6.5521956940189530e-01  -3.0031132059632093e-02  -7.5484133894482219e-01
   6.5133575729323590e-01   6.5311659975274175e-02  -7.5597362278225100e-01
   6.4829870078884344e-01   1.6229407830369941e-01  -7.4388804715699686e-01
   6.2376969950853911e-01   2.7163156981712533e-01  -7.3288993188180107e-01
   5.6518214068005512e-01   3.5902361684474143e-01  -7.4274571045818283e-01
   5.0306471725056212e-01   4.4126587958178848e-01  -7.4310854777382462e-01
   4.2228620847624748e-01   5.1095649652078423e-01  -7.4873080395691027e-01
   3.3894438343684741e-01   5.6957697758647863e-01  -7.4879821817367287e-01
   2.6129843865499641e-01   6.1837250268511845e-01  -7.4117378116026489e-01
   1.6965344731875637e-01   6.4716834003852086e-01  -7.4323000979821008e-01
   6.8240010420936734e-02   6.4782175504491502e-01  -7.5872938170883875e-01
  -3.2668934961617969e-02   6.4822260390533126e-01  -7.6074975943122425e-01
  -1.3221409264937947e-01   6.5110793047166327e-01  -7.4738069053315059e-01
  -2.2870130216801279e-01   6.3377394031874446e-01  -7.3893592885953774e-01
  -3.1213976844809987e-01   5.7050753025843060e-01  -7.5966434882228895e-01
  -3.9409503327698520e-01   5.1525689248486495e-01  -7.6105153537277104e-01
  -4.7072550596021029e-01   4.7236452952090763e-01  -7.4517732741207010e-01
  -5.2739347465777087e-01   3.9078237568396784e-01  -7.5441716426868066e-01
  -5.8190116632687561e-01   2.9736978521575025e-01  -7.5694269496981104e-01
  -6.2454923949155983e-01   2.0957246201952742e-01  -7.5234143220587546e-01
  -6.3280654730597308e-01   1.1016948131667502e-01  -7.6643235779363339e-01
  -7.1383151054821670e-01  -2.8583694665183554e-02  -6.9973391153190423e-01
  -7.1258122003635282e-01  -1.5087985304188564e-01  -6.8517390113573506e-01
  -6.9113261957532479e-01  -2.5243221249050790e-01  -6.7721021865894537e-01
  -6.5804064780046245e-01  -3.4195930238942784e-01  -6.7085493316490086e-01
  -6.0775887608704060e-01  -4.2065683441963636e-01  -6.7355547373135338e-01
  -5.3385642278148238e-01  -4.9049288856383183e-01  -6.8877721080423937e-01
  -4.6014072339070772e-01  -5.6541051160010036e-01  -6.8453010748219745e-01
  -3.7630977116643505e-01  -6.2938699507777407e-01  -6.7989923264527607e-01
  -2.7626726027171095e-01  -6.6408603213514028e-01  -6.9474178140152776e-01
  -1.8002667742809428e-01  -6.8795817238930745e-01  -7.0306752766499236e-01
  -8.8779618559047313e-02  -7.0656731435348197e-01  -7.0205470557202165e-01
   1.4836283312148302e-02  -7.2725181237650394e-01  -6.8621038034452086e-01
   1.4742253168818131e-01  -7.1978541994212886e-01  -6.7836240048323759e-01
   2.4612872113251497e-01  -6.7694154686888586e-01  -6.9366475674956463e-01
   3.2974521619736064e-01  -6.2999815103492152e-01  -7.0311480007715388e-01
   4.0581287216617840e-01  -5.7671549279751466e-01  -7.0902408502924408e-01
   4.7893217378563341e-01  -5.1837708754319267e-01  -7.0845548062189845e-01
   5.4996984648290825e-01  -4.5821183260575810e-01  -6.9826576918794969e-01
   6.0548075558963055e-01  -3.8645818280973776e-01  -6.9573208029384814e-01
   6.5284848754008151e-01  -2.9453100357703627e-01  -6.9788275537409006e-01
   6.9565761182632679e-01  -1.8921207768724488e-01  -6.9300741465396143e-01
   7.2062572650755807e-01  -8.6083173993562315e-02  -6.8795948241931237e-01
   7.3303666374202647e-01   1.1348250910696139e-02  -6.8009445433059312e-01
   7.2541301647019862e-01   1.0567709048058088e-01  -6.8015315046183999e-01
   7.0311150738341255e-01   2.1576044556606361e-01  -6.7755563484791359e-01
   6.6456508041751017e-01   3.3407932741697965e-01  -6.6838930039482725e-01
   6.1151706676929352e-01   4.1914326529954360e-01  -6.7109298923764349e-01
   5.5062146883950436e-01   4.9587277328187740e-01  -6.7151038024051912e-01
   4.7244063635702710e-01   5.5977056151527738e-01  -6.8077658859528811e-01
   3.9079026754814550e-01   6.2308102026327084e-01  -6.7753450759155442e-01
   3.1340141404257649e-01   6.8068818409245113e-01  -6.6215039810683118e-01
   2.2464299410082939e-01   7.0931031228978725e-01  -6.6814250432133049e-01
   1.1336113256350888e-01   7.1833547017027199e-01  -6.8639886794718197e-01
   8.3355096568975481e-03   7.2236498814070893e-01  -6.9146174383492331e-01
  -8.4160388064486336e-02   7.2868909499084389e-01  -6.7965375885244683e-01
  -1.7694508006657991e-01   7.2149617311329650e-01  -6.6942789815117487e-01
  -2.8121847942900641e-01   6.7982075644501316e-01  -6.7731817186176813e-01
  -3.6861780696620022e-01   6.1817661169282379e-01  -6.9424677827369785e-01
  -4.5792441399865941e-01   5.7109942847443751e-01  -6.8128604408145288e-01
  -5.4118872347953706e-01   5.0778217899125455e-01  -6.7027757256041509e-01
  -5.9078911432682402e-01   4.2595606390238233e-01  -6.8522233911170505e-01
  -6.4013735495436441e-01   3.4131080770500299e-01  -6.8828126469909723e-01
  -6.9069014009732288e-01   2.5796725615046540e-01  -6.7557384875862436e-01
  -7.1281857784896829e-01   1.7357771885242090e-01  -6.7952958036524369e-01
  -7.0309060497867604e-01   8.0789156037921181e-02  -7.0649608169996236e-01
  -7.7104700295383621e-01   3.7653073135199076e-02  -6.3566403494250190e-01
  -7.7027081598866276e-01  -7.6332215338118931e-02  -6.3313210543908982e-01
  -7.7155744639301360e-01  -1.8592014468884024e-01  -6.0838540968235977e-01
  -7.4957288798440336e-01  -2.8511215061488115e-01  -5.9737052753753972e-01
  -7.1555588934675796e-01  -3.7932897845219715e-01  -5.8659125064015638e-01
  -6.6467456793442692e-01  -4.5881157869029882e-01  -5.8966062612395842e-01
  -5.9052921219052601e-01  -5.2533001580611705e-01  -6.1262029352836622e-01
  -5.1581373004944098e-01  -5.9845109051430323e-01  -6.1301915806500173e-01
  -4.3345812886342672e-01  -6.6591856096654278e-01  -6.0717915040164694e-01
  -3.3597635202875326e-01  -7.1332100748420735e-01  -6.1505530739858394e-01
  -2.4174554883969143e-01  -7.4484360706814245e-01  -6.2190601430273618e-01
  -1.4870867662577311e-01  -7.6905561007707957e-01  -6.2164233937625435e-01
  -5.0580543173187005e-02  -7.7924149182726921e-01  -6.2467936260702361e-01
   7.6807053088935193e-02  -7.7519843296812629e-01  -6.2703115243148400e-01
   2.0185974490367151e-01  -7.6334575938603932e-01  -6.1364150366054571e-01
   2.9792834034655286e-01  -7.2618048738525998e-01  -6.1959713020579343e-01
   3.8599972934005011e-01  -6.7889633746198830e-01  -6.2458303845854324e-01
   4.6471750213887608e-01  -6.2415394692890314e-01  -6.2806806457491182e-01
   5.3762189329598198e-01  -5.6500673292132619e-01  -6.2588344889636827e-01
   6.0761616051847012e-01  -5.0488342296163746e-01  -6.1310303432239943e-01
   6.6311138727196661e-01  -4.2985687326267047e-01  -6.1278573464065589e-01
   7.0178103201738384e-01  -3.4229409597697519e-01  -6.2477046581918472e-01
   7.3947811855501711e-01  -2.4183896506621930e-01  -6.2824042145824399e-01
   7.7572482242515362e-01  -1.3510737720461796e-01  -6.1643896413055599e-01
   7.9731646584694704e-01  -3.8772127525614854e-02  -6.0231484741493102e-01
   7.9858329840030384e-01   6.0477518298657225e-02  -5.9883819625715839e-01
   7.7501291661227256e-01   1.6414284554466826e-01  -6.1025577042797219e-01
   7.3933692460613210e-01   2.7797211799648902e-01  -6.1328004494724309e-01
   7.1356302433054031e-01   3.8142295352215178e-01  -5.8766005550376754e-01
   6.6217232006573190e-01   4.6151787070640321e-01  -5.9036350967636320e-01
   5.9737644509604093e-01   5.4035169306139130e-01  -5.9258875339488581e-01
   5.1736539193235598e-01   6.0628594477901931e-01  -6.0394569656061925e-01
   4.3643217363217313e-01   6.6909838151365142e-01  -6.0152665250553017e-01
   3.5662426642067629e-01   7.3145558138427580e-01  -5.8119864509624031e-01
   2.6691871277030066e-01   7.6957183824070485e-01  -5.8009791118385179e-01
   1.6548260348797103e-01   7.7354443376027870e-01  -6.1175527536861718e-01
   5.7000049022906119e-02   7.8416126139576980e-01  -6.1793374283783975e-01
  -3.8558135530011417e-02   7.9864434372847859e-01  -6.0056680095969106e-01
  -1.2514140449012842e-01   8.0059541587798055e-01  -5.8599198711023470e-01
  -2.2396448129199353e-01   7.6757546450377467e-01  -6.0055625665829415e-01
  -3.2388039799086865e-01   7.2631162394846938e-01  -6.0627791706000134e-01
  -4.0999555776794866e-01   6.6759996495252338e-01  -6.2146112461354985e-01
  -5.1127198902297777e-01   6.0588389957032862e-01  -6.0951263603139516e-01
  -5.9967555377417869e-01   5.3702761143212752e-01  -5.9328793579941941e-01
  -6.5458261428936082e-01   4.5696261066183813e-01  -6.0225142052736014e-01
  -6.9922001221238184e-01   3.7651465393025985e-01  -6.0772369535628046e-01
  -7.4850972801091742e-01   2.9704157924608143e-01  -5.9287392190247035e-01
  -7.8463386114868328e-01   2.1345476364120508e-01  -5.8205392174418524e-01
  -7.8301977603064399e-01   1.2741968618635663e-01  -6.0880559616111496e-01
  -8.2869851889647572e-01  -9.1258089753791898e-03  -5.5962083984545496e-01
  -8.2810556544723890e-01  -1.0823483561639385e-01  -5.5002399296248961e-01
  -8.2384524939592818e-01  -2.1432289510215538e-01  -5.2473298131791901e-01
  -7.9713421284320130e-01  -3.1721561297647033e-01  -5.1376191139360661e-01
  -7.6011969041532268e-01  -4.1474305421364838e-01  -5.0020621270077070e-01
  -7.0229148881571402e-01  -5.0267887039655712e-01  -5.0408393943256036e-01
  -6.2853118313005796e-01  -5.6839625813391936e-01  -5.3091830404732576e-01
  -5.5528398223204067e-01  -6.3907123353980888e-01  -5.3221016294170276e-01
  -4.7834865336856008e-01  -7.0295989945917547e-01  -5.2633634262972084e-01
  -3.8689771698221476e-01  -7.5188971782433867e-01  -5.3382769581952816e-01
  -2.8885806055005392e-01  -7.9209780844264488e-01  -5.3771933451905973e-01
  -1.8585326669106483e-01  -8.2100276316124787e-01  -5.3982684829661443e-01
  -8.5494721803042920e-02  -8.3880405840832262e-01  -5.3767871832679748e-01
   1.2392395616449624e-02  -8.3024944058296224e-01  -5.5725424623107500e-01
   1.1876946120515366e-01  -8.2511365290136274e-01  -5.5234162877770399e-01
   2.1493765914694885e-01  -8.2104222576813257e-01  -5.2885864480609657e-01
   3.0491627340131033e-01  -7.8755306990392560e-01  -5.3552425556641226e-01
   3.9537896541728190e-01  -7.4110748243904512e-01  -5.4261881019590563e-01
   4.8671596897345698e-01  -6.8285268239931640e-01  -5.4481169195079437e-01
   5.6858286422606541e-01  -6.2087758518473013e-01  -5.3965224980876514e-01
   6.4289435056555544e-01  -5.5616667306978573e-01  -5.2665499691674700e-01
   7.0496229075197725e-01  -4.7673185574308496e-01  -5.2512370574701639e-01
   7.5026130131707813e-01  -3.9093785011691307e-01  -5.3317499668680135e-01
   7.7916207937800408e-01  -3.0114893509081136e-01  -5.4974155105196032e-01
   8.1126196460911149e-01  -2.0133277029168170e-01  -5.4892544155398892e-01
   8.4498123322637453e-01  -1.0470804157775161e-01  -5.2444536562371014e-01
   8.5610878787122791e-01  -3.0026837846940913e-03  -5.1678692632432766e-01
   8.4513541925716529e-01   1.0652457592812106e-01  -5.2383073395931012e-01
   8.1417616730487519e-01   2.1257516146856273e-01  -5.4030451536088275e-01
   7.8861067379625660e-01   3.1150798550226699e-01  -5.3014713065613561e-01
   7.7015846016681433e-01   4.0104735740314873e-01  -4.9600097112146124e-01
   7.1599457665505228e-01   4.8341081335274949e-01  -5.0365241162351793e-01
   6.4685167535085841e-01   5.6406021229344738e-01  -5.1324359421551369e-01
   5.6138846031058476e-01   6.4026660201148522e-01  -5.2431066647435032e-01
   4.7538945399998406e-01   7.0868966999017902e-01  -5.2130971473281429e-01
   3.9098643346217021e-01   7.7332036216280853e-01  -4.9910442425700319e-01
   2.9411057503551774e-01   8.1874414170817489e-01  -4.9310952137514164e-01
   1.9317734574500675e-01   8.3078229089779354e-01  -5.2199932779796565e-01
   9.7468298757100183e-02   8.3703843984987747e-01  -5.3839258998530026e-01
   4.7987240348452576e-03   8.5508070779626633e-01  -5.1847271423120589e-01
  -8.4765352551716827e-02   8.6614405180209264e-01  -4.9255387170809739e-01
  -1.8267670876909814e-01   8.4046879672947450e-01  -5.1013862997953741e-01
  -2.8067080276646283e-01   8.0383791348490774e-01  -5.2446974108966404e-01
  -3.7798165299754516e-01   7.5986414816686787e-01  -5.2890107423589505e-01
  -4.6158961427937190e-01   6.9758199786951192e-01  -5.4800947458762139e-01
  -5.5028246669159064e-01   6.4468646605159030e-01  -5.3063034905829709e-01
  -6.2798656004925013e-01   5.8496181022818183e-01  -5.1327630080890940e-01
  -6.9643995867376995e-01   5.0193066473717840e-01  -5.1287132085833365e-01
  -7.4587195145833629e-01   4.2489207489130759e-01  -5.1297344641052567e-01
  -7.8890765632688742e-01   3.4688036798660082e-01  -5.0724621249872148e-01
  -8.3182109340525878e-01   2.5644044173909164e-01  -4.9225193590959027e-01
  -8.5131602243867899e-01   1.6040588744675915e-01  -4.9953076102638982e-01
  -8.4532978754379784e-01   7.5515473613103817e-02  -5.2888085949119623e-01
  -8.9573031320120078e-01   1.9349817433814597e-02  -4.4417653087230646e-01
  -8.8210252618099250e-01  -6.3184415693632243e-02  -4.6680066722163721e-01
  -8.7558469910502212e-01  -1.6219875820423285e-01  -4.5501977707586799e-01
  -8.5715567090642264e-01  -2.7324049794060379e-01  -4.3660483977863918e-01
  -8.2559178710494963e-01  -3.7390658582180047e-01  -4.2260154536388067e-01
  -7.7361201650460620e-01  -4.7578890289782322e-01  -4.1850850385501431e-01
  -7.0468560133597213e-01  -5.6649416802112140e-01  -4.2720318452443329e-01
  -6.3303977524826527e-01  -6.3330041207876142e-01  -4.4518673724011221e-01
  -5.6271286395111098e-01  -7.0090144067629578e-01  -4.3828233275119749e-01
  -4.8107723202022679e-01  -7.5865132584067674e-01  -4.3933229181559147e-01
  -3.8511513479881293e-01  -8.0385895668637053e-01  -4.5331789144483581e-01
  -2.7561442066194902e-01  -8.4351307859694924e-01  -4.6100149387943984e-01
  -1.6819128510454831e-01  -8.7425003481739427e-01  -4.5541032952345895e-01
  -6.9773669218063217e-02  -8.9210465944090978e-01  -4.4640890637135222e-01
   2.3482535267308296e-02  -8.8288005532292757e-01  -4.6901106431554890e-01
   1.1762761964618376e-01  -8.7851544251711100e-01  -4.6300578868448006e-01
   2.1098619061437357e-01  -8.7584375036526907e-01  -4.3403058914797149e-01
   2.9868107299069052e-01  -8.4887861762218708e-01  -4.3611318391098264e-01
   3.8066923555935994e-01  -8.0600737592636340e-01  -4.5325825204948056e-01
   4.7363865497447200e-01  -7.4604005647080829e-01  -4.6807121109400257e-01
   5.7209088771837691e-01  -6.7770118030993354e-01  -4.6198823188055604e-01
   6.6184774217894782e-01  -6.0323936593036287e-01  -4.4503913711556076e-01
   7.3305090121540806e-01  -5.2026560899139673e-01  -4.3813248262151155e-01
   7.8752552489040661e-01  -4.3251206944914483e-01  -4.3901806047918790e-01
   8.2402280268549655e-01  -3.4171866953641089e-01  -4.5190128517697808e-01
   8.4875786083294269e-01  -2.5097875458351016e-01  -4.6542427786053137e-01
   8.8030361895527087e-01  -1.5875525963921719e-01  -4.4705962241197528e-01
   9.0016304896201993e-01  -5.6951311262798517e-02  -4.3181365590824933e-01
   8.9743547106085164e-01   5.1297355001146926e-02  -4.3815312009806989e-01
   8.7862570792469730e-01   1.6066910292045330e-01  -4.4966910583290176e-01
   8.5427425801039014e-01   2.5765886392033521e-01  -4.5147248193448031e-01
   8.3836532321032331e-01   3.4467966001943634e-01  -4.2230263651478178e-01
   8.0472287336249715e-01   4.3641788956136723e-01  -4.0244319196379597e-01
   7.4144351769068173e-01   5.2232234882702766e-01  -4.2123731315053836e-01
   6.6789582876261899e-01   6.0530194439307206e-01  -4.3304124288046797e-01
   5.8760951697307562e-01   6.7483766555834968e-01  -4.4644056794429604e-01
   4.9724633832482606e-01   7.4703086285585985e-01  -4.4123799582921480e-01
   3.9468463271578580e-01   8.1861225843762542e-01  -4.1725053748755747e-01
   2.8945509909766254e-01   8.6511060908388993e-01  -4.0963322577259698e-01
   1.9200579874844889e-01   8.8188062526001354e-01  -4.3060461683309631e-01
   1.0149846827893681e-01   8.9181827950461412e-01  -4.4086076858625067e-01
   1.2899326827827452e-02   9.0665238374036972e-01  -4.2168123319077694e-01
  -9.6778284552441168e-02   9.0839185262016198e-01  -4.0676554147616356e-01
  -2.0422801994495654e-01   8.8118052809163627e-01  -4.2639394083582793e-01
  -3.0686279480171735e-01   8.4270211898465908e-01  -4.4236677522757584e-01
  -4.0672571631725069e-01   7.9735226484561417e-01  -4.4587392548991794e-01
  -4.9012641080772529e-01   7.4083021623763612e-01  -4.5928933379519526e-01
  -5.6829973484366159e-01   6.9697989344944722e-01  -4.3732646787476881e-01
  -6.4048963670408754e-01   6.4028896460020990e-01  -4.2403191753199099e-01
  -7.0805750638607079e-01   5.5972868240733942e-01  -4.3053265815833647e-01
  -7.7239972884005326e-01   4.8494396223783859e-01  -4.1015608294511269e-01
  -8.1443175850289140e-01   4.1036324766473731e-01  -4.1024738354794832e-01
  -8.5342028046817286e-01   3.1642238925683963e-01  -4.1418678933860043e-01
  -8.9082295391994648e-01   2.0512223389381917e-01  -4.0541254782227731e-01
  -9.0448551924484499e-01   1.0505054178700569e-01  -4.1336464428714725e-01
  -9.3627492931880085e-01  -3.8278967320094497e-02  -3.4917614092314736e-01
  -9.2191981188276639e-01  -1.2285992498798558e-01  -3.6738168066738347e-01
  -9.0490080003273188e-01  -2.2410225307964216e-01  -3.6184626882800641e-01
  -8.8318526957410404e-01  -3.2470865493311640e-01  -3.3844950734022877e-01
  -8.4158641654599675e-01  -4.2239250606253453e-01  -3.3662571842846439e-01
  -7.8628375153383745e-01  -5.1886823309357655e-01  -3.3546030877023947e-01
  -7.2610985979322296e-01  -5.9959798622488902e-01  -3.3652150960395372e-01
  -6.5538807234824703e-01  -6.7008946458841900e-01  -3.4849187088260020e-01
  -5.8076527033501169e-01  -7.3762423961668300e-01  -3.4441571088237410e-01
  -4.8798879789587679e-01  -7.9794151989323381e-01  -3.5377431218025596e-01
  -3.8524330270944268e-01  -8.4422821752100596e-01  -3.7264770824308824e-01
  -2.8748261132548247e-01  -8.8090956981963586e-01  -3.7596818746493121e-01
  -1.9113019436772916e-01  -9.1029953737283531e-01  -3.6718387908479339e-01
  -9.9066031518069905e-02  -9.3253909977066252e-01  -3.4721282925344671e-01
  -1.3353283109939823e-03  -9.3113414282751472e-01  -3.6467440952056290e-01
   9.2797344584352445e-02  -9.2467464561283441e-01  -3.6927693212394408e-01
   1.8693208431270580e-01  -9.2047084493558717e-01  -3.4320521481771482e-01
   2.8886195817714472e-01  -8.9784929538981084e-01  -3.3230319271124320e-01
   3.6959013717121370e-01  -8.6540078523392794e-01  -3.3835574684385711e-01
   4.4491812018545290e-01  -8.1289669688270560e-01  -3.7582818751103481e-01
   5.3285316399870697e-01  -7.5160416822479326e-01  -3.8879130638902387e-01
   6.2180763704465347e-01  -6.8580725330985703e-01  -3.7818470860220449e-01
   7.0157777901913632e-01  -6.1664020532448849e-01  -3.5713229644481692e-01
   7.6866031162129633e-01  -5.3491205405782927e-01  -3.5075692403983333e-01
   8.2671953657924735e-01  -4.4040283760025356e-01  -3.5011447909482291e-01
   8.6820462021320011e-01  -3.4393883247189572e-01  -3.5766858536684809e-01
   8.9585115380534919e-01  -2.5293521168199223e-01  -3.6534160578424468e-01
   9.2229724152324155e-01  -1.6398482472758788e-01  -3.4996682062401541e-01
   9.3683649981016115e-01  -6.5307216683668859e-02  -3.4361655965986015e-01
   9.3554977781575388e-01   4.2928969014153710e-02  -3.5057626395447189e-01
   9.2240215959248628e-01   1.4491821403841018e-01  -3.5801252382987236e-01
   9.0401740021600896e-01   2.3969798650141547e-01  -3.5397374955475930e-01
   8.8531411824711337e-01   3.2868241887927202e-01  -3.2891758778150959e-01
   8.4904034883831003e-01   4.2503781641227661e-01  -3.1380462180153523e-01
   7.8535671031986076e-01   5.2294580025621373e-01  -3.3127409731211199e-01
   7.1604456269007699e-01   6.0740307874665755e-01  -3.4400826177732713e-01
   6.4444717505258609e-01   6.8131592024942600e-01  -3.4712599352600942e-01
   5.6907970179376854e-01   7.3862898945418654e-01  -3.6135233352533169e-01
   4.7755373114803668e-01   8.0179697849342058e-01  -3.5925483872233360e-01
   3.7430329321137340e-01   8.6584473456853739e-01  -3.3197882509440224e-01
   2.7331160462570087e-01   9.0741552376753265e-01  -3.1921440130830392e-01
   1.7844102339552737e-01   9.2581588166479056e-01  -3.3320227254147494e-01
   9.1186638065706094e-02   9.3939696280376705e-01  -3.3048198636738418e-01
  -6.7859422550644857e-03   9.4421587031372634e-01  -3.2925725692139768e-01
  -1.1410911834125941e-01   9.3977930923574371e-01  -3.2217069861141762e-01
  -2.2071859496137028e-01   9.1231777059088470e-01  -3.4490518596036868e-01
  -3.2875628803457896e-01   8.7340720391361260e-01  -3.5927588178102071e-01
  -4.2558825370690184e-01   8.3232568753655634e-01  -3.5511771030674960e-01
  -5.0849695085013524e-01   7.8280261278820895e-01  -3.5867941171479079e-01
  -5.8210448205882048e-01   7.4273499679716515e-01  -3.3090647696856484e-01
  -6.5503950272061851e-01   6.7971466412829007e-01  -3.3001700750793211e-01
  -7.2413343672377750e-01   6.0029082151214674e-01  -3.3953158237030440e-01
  -7.8802193452333968e-01   5.2852776110311139e-01  -3.1572113716605321e-01
  -8.4146204281284687e-01   4.5186067478742675e-01  -2.9624915373023786e-01
  -8.7258745760275036e-01   3.6634873148991826e-01  -3.2307852879771531e-01
  -9.0664392876028399e-01   2.6167182656543808e-01  -3.3094507342461588e-01
  -9.3691065928297645e-01   1.4827125107166553e-01  -3.1656603201793698e-01
  -9.4470547634740609e-01   4.7276250719875040e-02  -3.2449425122348785e-01
  -9.7337164329320658e-01  -1.2144402292709664e-02  -2.2891080692190030e-01
  -9.6291421820258249e-01  -1.0021807751488189e-01  -2.5050458144020143e-01
  -9.4459973226111515e-01  -1.8744639137279184e-01  -2.6943495722260635e-01
  -9.2549108551374482e-01  -2.8169461020421782e-01  -2.5320820922016740e-01
  -8.9279117286521692e-01  -3.8005055185659103e-01  -2.4183775488424233e-01
  -8.4624858053519647e-01  -4.7261907927551361e-01  -2.4595639013233830e-01
  -7.9682065067394403e-01  -5.5709936613959632e-01  -2.3391696583705185e-01
  -7.3954659693789848e-01  -6.3038592506684044e-01  -2.3597545727299143e-01
  -6.6854664777473483e-01  -6.9847699624425241e-01  -2.5529446814761042e-01
  -5.7189717138753349e-01  -7.7721599212132686e-01  -2.6242889884652504e-01
  -4.7119810785481103e-01  -8.3849726954688875e-01  -2.7366890966358948e-01
  -3.8078738840217291e-01  -8.8160735346290364e-01  -2.7887172526806575e-01
  -2.9064303613873732e-01  -9.1610164547304818e-01  -2.7619630827661368e-01
  -2.0423127630405755e-01  -9.4267548999367712e-01  -2.6391761279686576e-01
  -1.1065302189110744e-01  -9.6237273170388937e-01  -2.4818266260792682e-01
  -8.4938380921111417e-03  -9.6425056146116928e-01  -2.6485601642455597e-01
   9.4792032774670021e-02  -9.5806141802926381e-01  -2.7043074863299471e-01
   2.1976787001743003e-01  -9.4201020511902067e-01  -2.5361162583687408e-01
   3.2553900258495017e-01  -9.1810346016018718e-01  -2.2607608064075976e-01
   4.0884387039616421e-01  -8.8274323243007924e-01  -2.3154065569221252e-01
   4.7669575990071505e-01  -8.3288430104108224e-01  -2.8118480323799100e-01
   5.5678910602130116e-01  -7.7546451063052124e-01  -2.9772585404792529e-01
   6.3648093740552636e-01  -7.1737149519711874e-01  -2.8331987963789734e-01
   7.0537008182915362e-01  -6.5903279266239112e-01  -2.6101499163063946e-01
   7.6919293887134832e-01  -5.8381887579160319e-01  -2.5980327761575084e-01
   8.2940652722636421e-01  -4.9226358393883396e-01  -2.6412379014772036e-01
   8.8157290160163382e-01  -3.9166238763759209e-01  -2.6349533823522675e-01
   9.1888478223805159e-01  -2.9424946246704003e-01  -2.6280793520970119e-01
   9.4594095540316503e-01  -2.0635730230619576e-01  -2.5022464442148118e-01
   9.6267064697246196e-01  -1.1395365227612157e-01  -2.4551943016908898e-01
   9.6674975832275789e-01  -1.0629849783043295e-02  -2.5550325061822426e-01
   9.6216815903743358e-01   9.0526126565367446e-02  -2.5697753626258274e-01
   9.4813258823124758e-01   1.8618019052850074e-01  -2.5764613676258852e-01
   9.2904244659150237e-01   2.7997902619221993e-01  -2.4185094029945745e-01
   8.9395096435216825e-01   3.8434500631639146e-01  -2.3050073634043219e-01
   8.3385344232534353e-01   4.9659225247450201e-01  -2.4100740964641590e-01
   7.6707318841756711e-01   5.9070958862824918e-01  -2.5032160416862187e-01
   6.9726005939926516e-01   6.7150300969296617e-01  -2.5082288081397486e-01
   6.2624148105546951e-01   7.3959790945417414e-01  -2.4661009658257554e-01
   5.5349704781933273e-01   7.8899722487430923e-01  -2.6669157691221151e-01
   4.6909115575266613e-01   8.4163495842303226e-01  -2.6758939507179419e-01
   3.7795904399664093e-01   8.9357482961498769e-01  -2.4222094240525732e-01
   2.7513942909047873e-01   9.3443611403749849e-01  -2.2611378406073496e-01
   1.7630458665942586e-01   9.5790774992191474e-01  -2.2656000388944100e-01
   8.2682925448014116e-02   9.7087959068488372e-01  -2.2484740209953674e-01
  -1.3357427562631443e-02   9.7255615038290266e-01  -2.3228455282540372e-01
  -1.0802664203636708e-01   9.6900785477728346e-01  -2.2215765120804140e-01
  -2.0254262898788636e-01   9.4742065573683887e-01  -2.4773087116032524e-01
  -3.0154189055282049e-01   9.1473101716157468e-01  -2.6896032139403364e-01
  -3.9680389611944444e-01   8.7987532811957136e-01  -2.6146907081126419e-01
  -4.8590106739618094e-01   8.3599701386938474e-01  -2.5496891085919454e-01
  -5.5926931804096380e-01   7.9597760288940611e-01  -2.3159768046427004e-01
  -6.4179161893573589e-01   7.3026454128784746e-01  -2.3413077030048168e-01
  -7.2281768912411593e-01   6.4521422366895276e-01  -2.4745341756488962e-01
  -7.8967542094705001e-01   5.7199182804826931e-01  -2.2189654841411641e-01
  -8.4845351883861775e-01   4.8983912752651676e-01  -2.0046010953411214e-01
  -8.9622585050240844e-01   3.8766917516780047e-01  -2.1561965475334507e-01
  -9.2446619630745863e-01   2.9627055096014310e-01  -2.3997085764440781e-01
  -9.5197831849189374e-01   1.9559774123430507e-01  -2.3553939106948632e-01
  -9.7111932999952266e-01   8.6509594179151245e-02  -2.2235857756389063e-01
  -9.8685599571334670e-01  -8.7280597464871310e-02  -1.3600493017090973e-01
  -9.7111217838840425e-01  -1.7914360375241478e-01  -1.5763472403098822e-01
  -9.5111811258929368e-01  -2.6773578069998905e-01  -1.5392169319997415e-01
  -9.1966445352600101e-01  -3.6393245250549755e-01  -1.4754817157137426e-01
  -8.7627622208186629e-01  -4.5907761171239048e-01  -1.4624544108579746e-01
  -8.3045537559649785e-01  -5.4131107975299886e-01  -1.3162896368019533e-01
  -7.7573334494589952e-01  -6.1867323730356460e-01  -1.2442348244352101e-01
  -7.1230504232433534e-01  -6.8715816779918126e-01  -1.4295166702840129e-01
  -6.3482682861096063e-01  -7.5104788235701581e-01  -1.8144414039255258e-01
  -5.3926650275052290e-01  -8.2266957280013375e-01  -1.8001781300767397e-01
  -4.5956204922859961e-01  -8.7174004424686735e-01  -1.6991768055526152e-01
  -3.7363432767173471e-01  -9.1051335135465072e-01  -1.7709552843088103e-01
  -2.8660379945655867e-01  -9.4394558678878027e-01  -1.6378336704027702e-01
  -2.0092555133797940e-01  -9.6747523647812583e-01  -1.5368991385619196e-01
  -1.0078207793026656e-01  -9.8321265405625335e-01  -1.5210473257501264e-01
   9.0780947592898967e-03  -9.8437310993578819e-01  -1.7586121980381580e-01
   1.3390091842664875e-01  -9.7200851163200308e-01  -1.9305438964042737e-01
   2.5104178506585190e-01  -9.5468396661801436e-01  -1.5986414868082366e-01
   3.5298218430909589e-01  -9.2791913709849916e-01  -1.1987348567033596e-01
   4.4272044829147661e-01  -8.8736388127208843e-01  -1.2877867400439030e-01
   5.1471644167635999e-01  -8.3749296251162964e-01  -1.8350074226422158e-01
   5.9129056937714231e-01  -7.8233656496045989e-01  -1.9576762166283523e-01
   6.6540836283008054e-01  -7.2758522494143696e-01  -1.6688754034591771e-01
   7.2897321775293700e-01  -6.6779903074832259e-01  -1.5047425803282802e-01
   7.8946111224925164e-01  -5.9129738221392081e-01  -1.6467713269649442e-01
   8.4701520264130326e-01  -5.0245613456647775e-01  -1.7350238998649484e-01
   8.9675204571242084e-01  -4.0733899727496919e-01  -1.7294713009937751e-01
   9.3645951854986942e-01  -3.1073600589035338e-01  -1.6274736483475558e-01
   9.6499236285546797e-01  -2.2148367330034338e-01  -1.4048032635215388e-01
   9.8144854060398523e-01  -1.2554506205595367e-01  -1.4490410463363043e-01
   9.8722945552904506e-01  -2.3078683723533000e-02  -1.5762416214976133e-01
   9.8485401420602714e-01   7.7751949256256864e-02  -1.5497485308632181e-01
   9.7246020127235322e-01   1.7418912189168373e-01  -1.5485253228778098e-01
   9.4896376975331431e-01   2.7775846882799288e-01  -1.4939209045296661e-01
   9.1174180265500515e-01   3.8418126930811886e-01  -1.4536725079674684e-01
   8.5937956521491055e-01   4.8599235982414335e-01  -1.5899116039450692e-01
   7.9168551738394688e-01   5.8876418253316243e-01  -1.6306679285056533e-01
   7.1805359370519006e-01   6.7790676991115106e-01  -1.5761169967896288e-01
   6.4656735134027321e-01   7.5017245962923507e-01  -1.3853498112263024e-01
   5.7577495611260454e-01   8.0377871814502322e-01  -1.4974302044059173e-01
   4.9806063885310314e-01   8.5050959596356412e-01  -1.6902374744139811e-01
   4.1651166423994262e-01   8.9680771663569381e-01  -1.4917758858067973e-01
   3.2137807564792925e-01   9.3616834605284227e-01  -1.4249547481067451e-01
   2.0294443147302701e-01   9.7021252706151717e-01  -1.3229213909750892e-01
   9.5271184045091467e-02   9.8800453350446404e-01  -1.2153371246396015e-01
  -1.5501346851517579e-03   9.9211775801281121e-01  -1.2529944659930073e-01
  -9.2483232380193792e-02   9.8917718146045375e-01  -1.1390941754948788e-01
  -1.8434021604851586e-01   9.7385882694200343e-01  -1.3273157097816390e-01
  -2.7280930633969935e-01   9.4776794372265116e-01  -1.6526042244345632e-01
  -3.6656517330368565e-01   9.1529416559227361e-01  -1.6693281329200230e-01
  -4.5943312495967337e-01   8.7443721515080997e-01  -1.5582284957311418e-01
  -5.3419660623996557e-01   8.3701141148630642e-01  -1.1851532779942014e-01
  -6.1088808288419394e-01   7.7897819163578985e-01  -1.4145220799234282e-01
  -7.0087302283309894e-01   6.9448785898336030e-01  -1.6267642604109173e-01
  -7.7605717736398638e-01   6.1569793830984465e-01  -1.3656978517537821e-01
  -8.4035910337817232e-01   5.3077894378762902e-01  -1.0986487246214305e-01
  -8.9425388256548799e-01   4.3056076349381128e-01  -1.2217783127956035e-01
  -9.3583881942288205e-01   3.2730242820795846e-01  -1.3068597686959499e-01
  -9.6212991048008845e-01   2.3238575479230827e-01  -1.4248823224809168e-01
  -9.8273471629178788e-01   1.2598991812251645e-01  -1.3549545352660647e-01
  -9.9198606544051249e-01   1.4361648961377853e-02  -1.2552843905251679e-01
  -9.9886236378860482e-01  -3.3968050429774084e-02  -3.3468638404349271e-02
  -9.8860786277493939e-01  -1.4343005866159975e-01  -4.5632356194881978e-02
  -9.7031476429194075e-01  -2.3744787581600604e-01  -4.5910396072589968e-02
  -9.4284739404847462e-01  -3.2954069569745298e-01  -4.9413777585195197e-02
  -9.0361089442950360e-01  -4.2553755608547977e-01  -4.9042224960839848e-02
  -8.5880213302233221e-01  -5.1144032989761734e-01  -2.9794047568409469e-02
  -8.0504113905570218e-01  -5.9287585542092724e-01  -2.0173856517813740e-02
  -7.4124973067884625e-01  -6.7070632272983721e-01  -2.6492742756411947e-02
  -6.7140902436405636e-01  -7.3830329908356995e-01  -6.4172895873745861e-02
  -5.9778583620108416e-01  -7.9624455720647147e-01  -9.2987629050539519e-02
  -5.2542142666607039e-01  -8.4864697791159871e-01  -6.1078893913542896e-02
  -4.4689213818617785e-01  -8.9237037620544624e-01  -6.2948617922369166e-02
  -3.6049961214503196e-01  -9.3023891552967164e-01  -6.8524372871715575e-02
  -2.7398284196425321e-01  -9.6061313069819776e-01  -4.6430759625470448e-02
  -1.8011941432143452e-01  -9.8233528526016056e-01  -5.0738387019515434e-02
  -6.9092942822536169e-02  -9.9540943714018493e-01  -6.6228526364264656e-02
   4.0962014284584319e-02  -9.9463917499921506e-01  -9.4947485183287189e-02
   1.4151294231777573e-01  -9.8476240293179507e-01  -1.0107965635360457e-01
   2.3693128492592472e-01  -9.6921751214865015e-01  -6.6940125244367030e-02
   3.3222592756342645e-01  -9.4271204309146051e-01  -3.0330461007790174e-02
   4.3782181847932694e-01  -8.9863084071150756e-01  -2.7832847241783587e-02
   5.3188038716939845e-01  -8.4312937432661661e-01  -7.8969056548365599e-02
   6.0990851082071085e-01  -7.8774446045183355e-01  -8.6430743696398055e-02
   6.7695527216113938e-01  -7.3468145232241100e-01  -4.4437856684031884e-02
   7.4106884814244944e-01  -6.6996543229382644e-01  -4.4308936391765148e-02
   8.0405761395159780e-01  -5.9081014608848381e-01  -6.6593728874178748e-02
   8.6032436524347022e-01  -5.0378529052724053e-01  -7.7732667629535568e-02
   9.0824086688535866e-01  -4.1164272269610630e-01  -7.5158476372720176e-02
   9.4511465252127058e-01  -3.2110451783918526e-01  -6.0416737853530918e-02
   9.7523518702007972e-01  -2.1737161844082886e-01  -4.0815554563486622e-02
   9.9278976415780917e-01  -1.0979495023499040e-01  -4.8099408378667469e-02
   9.9815248230376763e-01  -5.4571347583133485e-03  -6.0513153537528487e-02
   9.9349387228526642e-01   1.0103490878049705e-01  -5.2553524518754877e-02
   9.7753781543838214e-01   2.0284472319930461e-01  -5.7217459382194170e-02
   9.5114172821187337e-01   3.0388645910102607e-01  -5.4611654700908584e-02
   9.1541537509380300e-01   3.9953196573897853e-01  -4.8876368467998609e-02
   8.6880322040385860e-01   4.9042721579766280e-01  -6.8279647193266055e-02
   8.1008570298255145e-01   5.8111405963869822e-01  -7.7894823406289337e-02
   7.3989060768231341e-01   6.6915360355556786e-01  -6.9248418841840034e-02
   6.6599974951335617e-01   7.4492092304973268e-01  -3.9206530717229800e-02
   5.9565626029450702e-01   8.0290888339834243e-01  -2.3042233658860111e-02
   5.2524709032392303e-01   8.4906815541206249e-01  -5.6557595169970457e-02
   4.4527300939155762e-01   8.9418119175713195e-01  -4.6604113715220830e-02
   3.5969114776338257e-01   9.3218679540698379e-01  -4.0620889816924681e-02
   2.6164207178792365e-01   9.6349988109820017e-01  -5.6669263223348448e-02
   1.4896778541772945e-01   9.8819492510669216e-01  -3.5768546253884904e-02
   3.7532834779634712e-02   9.9907641133181435e-01  -2.0919145148592805e-02
  -5.8460447873352875e-02   9.9826645428831162e-01  -6.8163243092704533e-03
  -1.5095109129692497e-01   9.8849774480939545e-01  -9.2723536929187993e-03
  -2.3925883236277518e-01   9.6995410918306024e-01  -4.4093505364140605e-02
  -3.3204324389213624e-01   9.4077562831013994e-01  -6.8472632220828028e-02
  -4.2836888698507836e-01   9.0151685256744774e-01  -6.1379648093223042e-02
  -5.2647882543135016e-01   8.4995894518672721e-01  -1.9744312332720278e-02
  -6.0773639535423796e-01   7.9371363081432000e-01  -2.5983572144463993e-02
  -6.7393647172069260e-01   7.3546143774413431e-01  -7.0043598394107578e-02
  -7.4488667908688222e-01   6.6476543782339881e-01  -5.6839669196617523e-02
  -8.1134156517041067e-01   5.8390844596163749e-01  -2.7853031459675395e-02
  -8.7130035149017659e-01   4.9039802223976547e-01  -1.8587019029985424e-02
  -9.1580858894598949e-01   4.0041367276159529e-01  -3.1040603704275565e-02
  -9.5279921689641289e-01   3.0126385347058532e-01  -3.7599772255106793e-02
  -9.8025581344921542e-01   1.9149522496577914e-01  -4.9275947624805916e-02
  -9.9605053490404838e-01   7.8813708628779192e-02  -4.0886810214752919e-02
