   0.0000000000000000e+00   0.0000000000000000e+00   1.0000000000000000e+00
   1.3794504237723321e-01   0.0000000000000000e+00   9.9043988473987821e-01
   7.8864673843281552e-02   9.0662201727841757e-02   9.9275411275776282e-01
  -4.3194399869164846e-02   1.2114023072741140e-01   9.9169515896733718e-01
  -1.1566336421404277e-01   3.3400032126982115e-02   9.9272676202095322e-01
  -1.5278417433266739e-01  -6.9638123755263515e-02   9.8580298629763330e-01
  -4.2083855085189512e-02  -1.0826207352898440e-01   9.9323122815202181e-01
   7.3346836987906408e-02  -1.0296224606757076e-01   9.9197732705369357e-01
   2.3651452257674346e-01   6.3960811379780824e-02   9.6952044600304088e-01
   1.9071805974332331e-01   1.5879354476689514e-01   9.6871628035669255e-01
   7.4520525577153690e-02   2.0149656008096553e-01   9.7665030975433709e-01
  -4.1373956341379255e-02   2.3290349435241914e-01   9.7161934833302610e-01
  -1.5211134908777116e-01   1.8186651429139353e-01   9.7148685449582717e-01
  -2.1549779629200985e-01   9.4976095088873641e-02   9.7187460155873850e-01
  -2.6028550865016548e-01  -4.7175154688675544e-03   9.6552017018523528e-01
  -2.6598838029471178e-01  -1.1708163186777835e-01   9.5683962764267538e-01
  -1.5293288735344715e-01  -1.8632699345736614e-01   9.7051212433172440e-01
  -4.1215277323266693e-02  -2.2564939858069458e-01   9.7333634979658346e-01
   6.1824556285255745e-02  -2.2731293951932455e-01   9.7185726923618532e-01
   1.7440458578185924e-01  -1.3530898146287165e-01   9.7533303029977325e-01
   2.5181330510197980e-01  -5.2207352051638761e-02   9.6636662388835304e-01
   3.6169758780196315e-01  -2.1165364242290772e-03   9.3229307369078207e-01
   3.4784921122267326e-01   1.0089653465703184e-01   9.3210558175882974e-01
   3.0203875926041357e-01   2.0127428892278335e-01   9.3180537051632073e-01
   1.8895895186318340e-01   2.6987910269112408e-01   9.4417148042153909e-01
   7.0379214799918072e-02   3.1098911838854615e-01   9.4780405905865472e-01
  -3.4509648337221123e-02   3.5425266869049399e-01   9.3451277727878312e-01
  -1.3847017142213106e-01   3.0771576885869950e-01   9.4134850996962072e-01
  -2.4262977692727755e-01   2.5547401434317402e-01   9.3587596365309178e-01
  -3.0773631299267873e-01   1.6888599785756439e-01   9.3636311407131301e-01
  -3.5589681071555351e-01   6.9675788153216303e-02   9.3192421616123144e-01
  -3.7898084164194640e-01  -3.6860442442827511e-02   9.2467011925944753e-01
  -3.6657378930030154e-01  -1.5423332813769372e-01   9.1751606933589380e-01
  -2.5516459949371462e-01  -2.3562163666689578e-01   9.3774915169229855e-01
  -1.4366850575151510e-01  -3.0403234385695305e-01   9.4176626311626510e-01
  -4.5876668093000783e-02  -3.5161964010086150e-01   9.3501816026215512e-01
   5.6940020330877909e-02  -3.4913265439189567e-01   9.3534176840446315e-01
   1.6202891966333677e-01  -2.6150228348994320e-01   9.5150574613203331e-01
   2.6278412831047954e-01  -2.1567190805604119e-01   9.4044145484105912e-01
   3.3049697339162026e-01  -1.2792376479457998e-01   9.3509746068512001e-01
   4.7259867679887224e-01   2.6019340106679733e-02   8.8089357168069293e-01
   4.5750151272435402e-01   1.3527836417853698e-01   8.7885842434382277e-01
   4.0974841877185042e-01   2.2893586290706941e-01   8.8300317326098199e-01
   3.0618426543572952e-01   3.0991355053405234e-01   9.0011376325160153e-01
   1.9388742564624795e-01   3.7288314646911080e-01   9.0739507671992925e-01
   8.7144961438761367e-02   4.1818189775343273e-01   9.0417346570620749e-01
  -1.4378809044237734e-02   4.6742194074607374e-01   8.8391740516840334e-01
  -1.2670410113669231e-01   4.3000177999608447e-01   8.9389291302445273e-01
  -2.3293714748412020e-01   3.7793758895430707e-01   8.9604880680539190e-01
  -3.3373900607079926e-01   3.2921304990223582e-01   8.8331027595117617e-01
  -3.9126352934545289e-01   2.3917141611942902e-01   8.8865622392214572e-01
  -4.4456257390612275e-01   1.3631628471022772e-01   8.8531462678799300e-01
  -4.8660523684006457e-01   4.2030927114268209e-02   8.7261030514528060e-01
  -4.7544322029625041e-01  -7.0386590783430167e-02   8.7692614974820826e-01
  -4.5946728404210752e-01  -1.9558384198141102e-01   8.6639296837564406e-01
  -3.5667711937976160e-01  -2.7360310485388767e-01   8.9326523134244273e-01
  -2.5170544389734095e-01  -3.5037309964079272e-01   9.0215467662732074e-01
  -1.5596551881524395e-01  -4.2215717934955443e-01   8.9300507997677148e-01
  -4.9306183707485469e-02  -4.6568659295873871e-01   8.8357506607344105e-01
   5.3310901227442302e-02  -4.7050117533171693e-01   8.8078748391526929e-01
   1.5304452618061151e-01  -3.9065897659992882e-01   9.0772404232125992e-01
   2.4710813528764086e-01  -3.4945973579498685e-01   9.0377843663851765e-01
   3.4418203068159353e-01  -2.8837997957390732e-01   8.9351872791612341e-01
   4.1418962364082651e-01  -2.0589316381312839e-01   8.8659740624665195e-01
   4.3998724587768845e-01  -8.8778900367369282e-02   8.9360479537350701e-01
   5.5291570558076308e-01  -4.4144324420456717e-02   8.3206700520065591e-01
   5.6674965849985071e-01   8.4707111538227603e-02   8.1952396538792749e-01
   5.4218487566993578e-01   2.0035138274719960e-01   8.1602382564852938e-01
   4.8865324540112132e-01   3.0039141627063543e-01   8.1913552162622838e-01
   3.9958131007351355e-01   3.5556195693493087e-01   8.4493222889207920e-01
   2.9769091853249041e-01   4.2367135648800719e-01   8.5550143115888133e-01
   1.9860077253307784e-01   4.8446602785884052e-01   8.5196854460710092e-01
   9.7384334758096047e-02   5.2600490439633873e-01   8.4488764453903675e-01
  -2.3514059565461761e-02   5.6472926467165252e-01   8.2494117767642472e-01
  -1.3845344740655285e-01   5.2710347124632895e-01   8.3844652393656649e-01
  -2.5060818045725092e-01   4.7705980361158984e-01   8.4238321663360394e-01
  -3.5876081355355177e-01   4.3436531247530136e-01   8.2620666541527454e-01
  -4.4288052579579795e-01   3.6451957135617524e-01   8.1913510605342010e-01
  -4.9071214649127665e-01   2.6270903592957351e-01   8.3077406779874752e-01
  -5.4670688698082626e-01   1.7187970627215646e-01   8.1949310326538516e-01
  -5.8760822238079979e-01   7.2145930122221424e-02   8.0592278895516789e-01
  -5.7826034667264614e-01  -4.1255842254225426e-02   8.1480852164537743e-01
  -5.5439195241543859e-01  -1.5667700033596504e-01   8.1737499390593182e-01
  -4.9318223802225142e-01  -2.8996822041335252e-01   8.2017663417685627e-01
  -3.9741828636684973e-01  -3.5630046853364922e-01   8.4564098870852911e-01
  -2.9659282057296388e-01  -4.3230220858075852e-01   8.5155592842794059e-01
  -1.8411698329004850e-01  -5.1072491919277485e-01   8.3979818610170009e-01
  -7.9324548979731166e-02  -5.6573484759590853e-01   8.2076287571063811e-01
   2.3963012422265850e-02  -5.8131563830767463e-01   8.1332521336461172e-01
   1.4393808410268677e-01  -5.1539646478508994e-01   8.4477707830638937e-01
   2.3756887969747986e-01  -4.8174492594951368e-01   8.4349443016606929e-01
   3.2675762937959157e-01  -4.2136642516966033e-01   8.4597859747275550e-01
   4.2094009072427657e-01  -3.5858100063379855e-01   8.3320412025235546e-01
   4.9363561157340724e-01  -2.7485104693732493e-01   8.2509440973988224e-01
   5.2305624020975450e-01  -1.5771283842850239e-01   8.3757914860176685e-01
   6.4292419997394668e-01   1.9792715909436157e-02   7.6567403082825591e-01
   6.4151012364665672e-01   1.5388676325591513e-01   7.5152087486208208e-01
   6.0080489407637550e-01   2.7859712336117048e-01   7.4927773362669470e-01
   5.4882631517969171e-01   3.8349159964360718e-01   7.4278117152299239e-01
   4.6431704759586168e-01   4.3724565384537445e-01   7.7021160566768487e-01
   3.7236952813658403e-01   4.8464978748545923e-01   7.9148943012881545e-01
   2.7603230879166663e-01   5.4973987307001837e-01   7.8841121025775762e-01
   1.7406310166220959e-01   6.0305820609578720e-01   7.7847468597267977e-01
   6.2496331367681790e-02   6.2715349385067920e-01   7.7638437884624323e-01
  -7.7208789942069644e-02   6.4406054062451024e-01   7.6106821163818483e-01
  -1.8386618657526624e-01   6.0413242419610902e-01   7.7538199583766576e-01
  -2.9340943699554972e-01   5.5550727554366552e-01   7.7802478694448318e-01
  -4.0575209159976400e-01   5.1366410717308231e-01   7.5598573079423725e-01
  -4.9524542258324500e-01   4.5303148116622582e-01   7.4127892758574943e-01
  -5.4985174471833487e-01   3.5313221717431537e-01   7.5694167280164670e-01
  -6.0854258241237580e-01   2.5999262518247457e-01   7.4971978781515569e-01
  -6.5570608421957310e-01   1.6604911076563919e-01   7.3653053156768356e-01
  -6.7738797817257224e-01   4.9423647315691953e-02   7.3396377983745820e-01
  -6.6304127775736499e-01  -6.7361080801859444e-02   7.4554594008892972e-01
  -6.3346298709095306e-01  -1.8747436395230924e-01   7.5071832723497833e-01
  -5.8350943663795463e-01  -2.8926707916911615e-01   7.5884207465283926e-01
  -5.1916849950804778e-01  -3.9446811076606608e-01   7.5819455201630981e-01
  -4.2363266467116589e-01  -4.4677679045258956e-01   7.8798849289598794e-01
  -3.1291071929918302e-01  -5.1768877585330408e-01   7.9629467730431014e-01
  -2.1671550210490248e-01  -5.9394629429074663e-01   7.7476589409040830e-01
  -1.1686918828280747e-01  -6.5118714409908252e-01   7.4986458523536004e-01
  -1.5335905332207975e-02  -6.8062977115253165e-01   7.3246701265551473e-01
   1.0913894539206301e-01  -6.2350391988262732e-01   7.7416506798596030e-01
   2.1171833789024785e-01  -6.0859257426678792e-01   7.6471591061538347e-01
   3.0252679678052030e-01  -5.6183626709436596e-01   7.6994645671448225e-01
   3.8944993493438873e-01  -4.9481855837677718e-01   7.7684190313443335e-01
   4.8337693141774557e-01  -4.2681707524861212e-01   7.6431271509074394e-01
   5.6193735474626461e-01  -3.3595737213617494e-01   7.5588296279789668e-01
   5.9950436468277057e-01  -2.1800156311827529e-01   7.7011027470375704e-01
   6.3088465751763423e-01  -1.0381370605377012e-01   7.6890003468867052e-01
   7.2015451414110487e-01  -2.4379573172259826e-02   6.9338525523270800e-01
   7.1799046757663387e-01   9.6548536587356099e-02   6.8932435656367641e-01
   6.9390260256390379e-01   2.3204858060601610e-01   6.8165433644463402e-01
   6.5696902480492159e-01   3.4838984230059322e-01   6.6859271475887172e-01
   6.0046411742762573e-01   4.5199967921168216e-01   6.5965076644721554e-01
   5.1706229279071370e-01   5.2053621449615162e-01   6.7947673600501346e-01
   4.2992945880619809e-01   5.6220159194137631e-01   7.0646304253597847e-01
   3.3465842824264475e-01   6.1200220730665766e-01   7.1655916340379144e-01
   2.2704340643936377e-01   6.7083212302310558e-01   7.0599968435738181e-01
   1.1146745511364493e-01   7.0675415857875334e-01   6.9862262043404089e-01
  -4.5106664141385438e-03   7.0941657763888666e-01   7.0477498058573973e-01
  -1.2501031312526531e-01   7.2577832981556722e-01   6.7647486101291954e-01
  -2.1937660461506925e-01   6.8226588178475023e-01   6.9741463413097438e-01
  -3.2248464853239461e-01   6.3266760640055797e-01   7.0408476142601373e-01
  -4.3075239333765603e-01   5.9301614944394876e-01   6.8028245761047923e-01
  -5.2856888013304071e-01   5.4039801076458427e-01   6.5466398168570683e-01
  -5.9409080954952931e-01   4.4721513379963829e-01   6.6862151783303869e-01
  -6.5156416195560685e-01   3.4840303191386324e-01   6.7385419061419771e-01
  -7.1327581290064601e-01   2.5765052014273759e-01   6.5180811915862136e-01
  -7.4070252873978881e-01   1.5032297406756584e-01   6.5479979183408743e-01
  -7.5347448879297407e-01   2.9943749137109687e-02   6.5679491976246296e-01
  -7.3317316715215686e-01  -9.7519975666255379e-02   6.7301334408325686e-01
  -7.1104649521391539e-01  -2.1398230158762954e-01   6.6979433877218475e-01
  -6.6668182262148745e-01  -3.1689021393853190e-01   6.7462281290813397e-01
  -6.1195670625669429e-01  -4.0683272351705507e-01   6.7823014142925953e-01
  -5.3212390963210787e-01  -4.9149965774932480e-01   6.8939990660728756e-01
  -4.2664573429501890e-01  -5.3922982870291858e-01   7.2608856845765390e-01
  -3.3714279579177486e-01  -6.0766270840373371e-01   7.1908328311896152e-01
  -2.4726302542229073e-01  -6.7602471693843702e-01   6.9415529843639578e-01
  -1.5152816601841113e-01  -7.2959443400814838e-01   6.6688168123545466e-01
  -5.2326985123544452e-02  -7.6552674282709265e-01   6.4127271316065115e-01
   6.8660556598161088e-02  -7.1967434566096078e-01   6.9090850636325118e-01
   1.7631695298304598e-01  -7.0901465529999519e-01   6.8279612671763401e-01
   2.7571532573541885e-01  -6.8454885610750327e-01   6.7481399122759800e-01
   3.6734279543064019e-01  -6.2360493013054596e-01   6.9005518747566830e-01
   4.5731639480326647e-01  -5.4844644635278461e-01   7.0004872010964003e-01
   5.5653639110286801e-01  -4.6334560444328676e-01   6.8962170515528354e-01
   6.3490391332177820e-01  -3.6430099766974938e-01   6.8130889025868235e-01
   6.7334926925228189e-01  -2.5145106810848611e-01   6.9525040233323088e-01
   7.0807850646238502e-01  -1.3975950223532643e-01   6.9216479990023472e-01
   7.9336524491940608e-01   3.3438977191446229e-02   6.0782680342212680e-01
   7.7436295822263357e-01   1.5976712700273693e-01   6.1223890276752513e-01
   7.5454985909642447e-01   2.7910219687264981e-01   5.9393305501413762e-01
   7.1584221028612749e-01   3.8874947872010363e-01   5.8003773391695757e-01
   6.6247115502985554e-01   4.8819967868915437e-01   5.6814878551416048e-01
   5.7723951770053039e-01   5.7107034217337993e-01   5.8367217125269721e-01
   4.8941032507700960e-01   6.3487984540652775e-01   5.9783368557199867e-01
   4.0039212879160685e-01   6.7065759752689647e-01   6.2442335805219251e-01
   2.9882890618295860e-01   7.1511285218228593e-01   6.3191367564977785e-01
   1.8116714742089310e-01   7.6252778153219114e-01   6.2107153137699955e-01
   5.8508670174718905e-02   7.8530327643944187e-01   6.1634040880658092e-01
  -5.1510864122316806e-02   7.9019757679921820e-01   6.1068356822336056e-01
  -1.6597505849753660e-01   8.0047111140605642e-01   5.7593253056333971e-01
  -2.5615946473491141e-01   7.5392311002853907e-01   6.0496468722696450e-01
  -3.5265180041614486e-01   7.0356637775610353e-01   6.1695304501591308e-01
  -4.5650832712144079e-01   6.6448998238089596e-01   5.9165294775249799e-01
  -5.5340990927824718e-01   6.1057762136660321e-01   5.6650899427894630e-01
  -6.3430233721734885e-01   5.1838705764116255e-01   5.7352890377970200e-01
  -6.9436786774918646e-01   4.1671573824588753e-01   5.8668667765310067e-01
  -7.5949973196893827e-01   3.1637525958307910e-01   5.6838970105276398e-01
  -8.0527204088046977e-01   2.0157923372999750e-01   5.5758654279405817e-01
  -8.1774120668490491e-01   9.3575840350261910e-02   5.6792858793360446e-01
  -8.0837045694145715e-01  -3.8408389386815192e-02   5.8741978173106379e-01
  -7.9431557052814561e-01  -1.5961191831571106e-01   5.8616278451307813e-01
  -7.6836790521804643e-01  -2.7382698953313861e-01   5.7847172967574623e-01
  -7.2657235997172109e-01  -3.7126834425771810e-01   5.7814567565385822e-01
  -6.6552777817116260e-01  -4.6356437172186288e-01   5.8496226352874292e-01
  -5.9396250873003964e-01  -5.3950605499599080e-01   5.9677613461479884e-01
  -4.9150500630809246e-01  -5.9451808311120879e-01   6.3637337910055281e-01
  -4.0204139494663310e-01  -6.5929553660023088e-01   6.3536769839863527e-01
  -3.1324172730125455e-01  -7.2544297588293205e-01   6.1287201683503401e-01
  -2.1747828176670425e-01  -7.8256763849502398e-01   5.8334474210377829e-01
  -1.1904413655530031e-01  -8.2462034916589244e-01   5.5301878204390542e-01
   2.3291189893804558e-02  -8.0919180919822531e-01   5.8708273386281229e-01
   1.3067563731445112e-01  -7.9015910945956080e-01   5.9880920129080839e-01
   2.3417891062449600e-01  -7.8618314474554096e-01   5.7190584953883439e-01
   3.2902707915024565e-01  -7.3962004670260773e-01   5.8711444174154870e-01
   4.2884948361648484e-01  -6.6570955941139709e-01   6.1067086299426299e-01
   5.2618384714877986e-01  -5.7721118696031781e-01   6.2446601560659043e-01
   6.2359165318345433e-01  -4.9025738006778569e-01   6.0891801695219783e-01
   6.9804560756349077e-01  -4.0379341342214875e-01   5.9134018046992776e-01
   7.3621935650764503e-01  -2.9800718507074597e-01   6.0759589922059154e-01
   7.7261381340163859e-01  -1.9208067273546767e-01   6.0512222773789115e-01
   7.9264492598049141e-01  -8.1372193216331989e-02   6.0422891977175774e-01
   8.5772467547478548e-01  -5.9080624768116083e-02   5.1070330022301902e-01
   8.4895887545185988e-01   7.0893273715430513e-02   5.2368212833113037e-01
   8.3284136944939846e-01   1.8831271556839410e-01   5.2049358736578843e-01
   8.1222872572214133e-01   3.0497241606771941e-01   4.9726886344270987e-01
   7.7682945811105697e-01   4.0827238699587748e-01   4.7942637706697994e-01
   7.2370996384813602e-01   5.0551861759003169e-01   4.6978166790200843e-01
   6.4056260259898945e-01   5.9317729146230658e-01   4.8766817924183953e-01
   5.5042576587697889e-01   6.7322626863807278e-01   4.9375891634926317e-01
   4.5865385977908063e-01   7.3236088147833456e-01   5.0327346064543110e-01
   3.6825358378299400e-01   7.6305540144808270e-01   5.3116452474905262e-01
   2.6443087411361343e-01   7.9868252103573611e-01   5.4053912292035933e-01
   1.4898935222949652e-01   8.3416476193871714e-01   5.3100972012003544e-01
   3.4279096994752824e-02   8.5338765328137645e-01   5.2014849488980497e-01
  -8.1761970835729336e-02   8.5783873061361871e-01   5.0737332644146027e-01
  -1.9221597696055900e-01   8.6311719780705853e-01   4.6699220662746493e-01
  -2.8891580930779259e-01   8.1517715635583010e-01   5.0200981951317036e-01
  -3.8432052268924505e-01   7.6462064088541337e-01   5.1735192216889003e-01
  -4.8627339432612299e-01   7.2279164812229246e-01   4.9102995771664593e-01
  -5.7767688778041182e-01   6.7048963526930150e-01   4.6554598303580763e-01
  -6.5657180923489156e-01   5.7848621583804472e-01   4.8401152610593928e-01
  -7.3304559018146587e-01   4.6717565052642596e-01   4.9435925628101379e-01
  -7.9642423232146065e-01   3.6582727690961081e-01   4.8153800020358833e-01
  -8.4693831808750142e-01   2.4797129660597228e-01   4.7032512309536167e-01
  -8.8161772221769641e-01   1.3242602138873455e-01   4.5300501181646008e-01
  -8.6934287745002958e-01   2.4827583548989847e-02   4.9358540549941365e-01
  -8.6128665697914975e-01  -9.9932938567238630e-02   4.9819544588343728e-01
  -8.4505944683290912e-01  -2.1926800420763437e-01   4.8764338778379684e-01
  -8.2192268465889895e-01  -3.2247323347104956e-01   4.6952541372947432e-01
  -7.6902475586779329e-01  -4.2153222604804891e-01   4.8053252466972268e-01
  -7.0525533371869509e-01  -5.1770610278128870e-01   4.8435039527633494e-01
  -6.3440071436192491e-01  -5.9885173856039020e-01   4.8878658823690885e-01
  -5.4575471058714065e-01  -6.4314222052589942e-01   5.3714046584572428e-01
  -4.5485778198789062e-01  -7.0692353675972974e-01   5.4163041951147062e-01
  -3.5849189711929164e-01  -7.7417006681297640e-01   5.2167448409003381e-01
  -2.5555137624931523e-01  -8.3351684509738810e-01   4.8983993613830396e-01
  -1.7930462652790141e-01  -8.8214161228639520e-01   4.3551811303142046e-01
  -6.3469536490474390e-02  -8.7191240457903352e-01   4.8553102545449350e-01
   5.5224600882779133e-02  -8.6737996337537449e-01   4.9457278796176385e-01
   1.6841910943363930e-01  -8.5550077408995728e-01   4.8964622852531375e-01
   2.8449688888203883e-01  -8.3772706354135684e-01   4.6612754394780875e-01
   3.8117067874797977e-01  -7.7939652656652081e-01   4.9724236347966871e-01
   4.7158638645362316e-01  -7.0682923491223759e-01   5.2725583238594420e-01
   5.6269776829841001e-01  -6.2573437035645929e-01   5.4021081006084493e-01
   6.5205299092590085e-01  -5.5025890380641973e-01   5.2157649084898794e-01
   7.3047912357449474e-01  -4.7355839235275105e-01   4.9207997221398464e-01
   7.8084189565059681e-01  -3.7553216307582504e-01   4.9926098234528055e-01
   8.1576663056540899e-01  -2.7403422708674607e-01   5.0934275968244525e-01
   8.4748589371480010e-01  -1.6992011521788508e-01   5.0288648261686975e-01
   9.0224145067479056e-01   7.5370134150785899e-03   4.3116534892431957e-01
   8.9759714155163783e-01   1.2682746042020704e-01   4.2217788521154209e-01
   8.7888000698330038e-01   2.3583946840716721e-01   4.1466815463266371e-01
   8.5611708110477536e-01   3.4641808726017315e-01   3.8348148880961980e-01
   8.1436371536118013e-01   4.4827698397174010e-01   3.6859121631467973e-01
   7.5090021266730955e-01   5.4802966324484448e-01   3.6852728368457555e-01
   6.7013747434880577e-01   6.3132531391124369e-01   3.9031284053727111e-01
   5.8129335134055904e-01   7.1192977311585626e-01   3.9402288999303936e-01
   4.9001456242914382e-01   7.7977904972488721e-01   3.8965415719266550e-01
   3.9664259551409009e-01   8.2203530731352148e-01   4.0857386719393868e-01
   3.0122185556678893e-01   8.4838497532683521e-01   4.3532554182885458e-01
   1.9815182791409230e-01   8.7882476522756203e-01   4.3405401175086999e-01
   8.6752802305695820e-02   9.0161737167534717e-01   4.2374528479423534e-01
  -3.2874560075863028e-02   9.0859377572671729e-01   4.1638517506088812e-01
  -1.4788778532703242e-01   9.1359763478990608e-01   3.7877244442719821e-01
  -3.0105157962753926e-01   8.6726170373513378e-01   3.9651618332445970e-01
  -4.0924287875531651e-01   8.1436817284351615e-01   4.1149088112323257e-01
  -5.0282697011476452e-01   7.7750959175249823e-01   3.7768223794357758e-01
  -5.9634259604038831e-01   7.1661432497670563e-01   3.6171731695619797e-01
  -6.7948460416611278e-01   6.2498540565578187e-01   3.8430966084460977e-01
  -7.4917199522039546e-01   5.2512824232902644e-01   4.0370985953518523e-01
  -8.1604911653108514e-01   4.3542366774826330e-01   3.8009218483610707e-01
  -8.6258600519017092e-01   3.3035759522390662e-01   3.8315694294628161e-01
  -9.0632907786438566e-01   2.1062768536610180e-01   3.6633806896746451e-01
  -9.2631555554888101e-01   7.0762563308979787e-02   3.7004344499276121e-01
  -9.1344608146124229e-01  -4.4893455512739204e-02   4.0447599918317423e-01
  -9.0365529373092868e-01  -1.6601354323958512e-01   3.9477412981742788e-01
  -8.9395899823121716e-01  -2.6555621992409928e-01   3.6099474170832763e-01
  -8.5221547608497550e-01  -3.7077355689328567e-01   3.6912836768522711e-01
  -7.9056640241085741e-01  -4.7811521674122803e-01   3.8263638470438577e-01
  -7.2086693230330567e-01  -5.7871264499009478e-01   3.8136929666687891e-01
  -6.4818954693267583e-01  -6.6363723128777896e-01   3.7341121634988844e-01
  -5.6833576937460728e-01  -7.0234639453183056e-01   4.2860704069988315e-01
  -4.7312861369009396e-01  -7.6127413264518629e-01   4.4340840076954935e-01
  -3.6835668616584133e-01  -8.2760662568499610e-01   4.2353349912281385e-01
  -2.7921471758860000e-01  -8.8720344965559161e-01   3.6729985080467498e-01
  -1.6304955504757565e-01  -9.3193471269510231e-01   3.2390204363770980e-01
  -6.5755791980847161e-02  -9.2290491007311259e-01   3.7937145752403606e-01
   5.1597156511147706e-02  -9.1630436599871112e-01   3.9714486310622737e-01
   1.8255407454560102e-01  -9.0147296899120255e-01   3.9245445091753689e-01
   3.2510890328011705e-01  -8.6729719465213173e-01   3.7696124092078998e-01
   4.3365314674303190e-01  -8.0713312622988487e-01   4.0060087975719566e-01
   5.1797348081304861e-01  -7.4314803938848140e-01   4.2359705467279940e-01
   5.9531561929807808e-01  -6.7204802583705547e-01   4.4039841551515824e-01
   6.8054615860832834e-01  -5.9981640042538031e-01   4.2080543221801203e-01
   7.6045205408645222e-01  -5.1958177237551351e-01   3.8954775734281355e-01
   8.1932399100119535e-01  -4.2534470232429339e-01   3.8443475646009362e-01
   8.5734095746150918e-01  -3.2738474664659811e-01   3.9722249473327353e-01
   8.8987377900340126e-01  -2.2572952760858528e-01   3.9644777437616008e-01
   9.0897391797175675e-01  -1.1666767769829461e-01   4.0019378984132292e-01
   9.4577458826431893e-01  -4.2349873164504677e-02   3.2205110842288404e-01
   9.4392489847307992e-01   7.1302746632798009e-02   3.2236889484750958e-01
   9.3567731069635984e-01   1.7873083322575317e-01   3.0424210672169577e-01
   9.1144032220078586e-01   2.8444847751765789e-01   2.9726352400591333e-01
   8.7499065096904194e-01   4.0434011132314235e-01   2.6627135612371300e-01
   8.1798387429816066e-01   5.1169271896795909e-01   2.6281731819525922e-01
   7.4368481054540936e-01   6.1166752353179066e-01   2.6980686281213256e-01
   6.6307853830857055e-01   6.9099080461632501e-01   2.8785162839604245e-01
   5.7746563292726028e-01   7.6586458970417381e-01   2.8281597024421462e-01
   4.8733429769241560e-01   8.2857558561626488e-01   2.7562253393600417e-01
   3.8956993065971746e-01   8.7311391100738256e-01   2.9309958637155309e-01
   2.9368791874502398e-01   9.0203491120456303e-01   3.1635490410517142e-01
   1.9396629566349047e-01   9.2706054933062243e-01   3.2083611707753212e-01
   8.0783931467507925e-02   9.4416336051577321e-01   3.1942057710206301e-01
  -3.6843893302595528e-02   9.4961812227771969e-01   3.1123616333588999e-01
  -1.2595604567942514e-01   9.5969883984093629e-01   2.5122342917165064e-01
  -2.3293615138203860e-01   9.2003959276787473e-01   3.1506808330715963e-01
  -3.6883873064327244e-01   8.7709947810631295e-01   3.0765970857928893e-01
  -4.7126908863616102e-01   8.3720512508564615e-01   2.7747616947473130e-01
  -5.7080723714224757e-01   7.7981497646428588e-01   2.5703637973648630e-01
  -6.6790867671105192e-01   6.9219419847195174e-01   2.7343224238531888e-01
  -7.4584198368836985e-01   5.9910436910081943e-01   2.9119356155675341e-01
  -8.0902142756146711e-01   5.1620086786311914e-01   2.8110673020005866e-01
  -8.6689861267300872e-01   4.2051096314393183e-01   2.6768885897880706e-01
  -9.0815535517516222e-01   3.1080531505308356e-01   2.8045303885219069e-01
  -9.4466701314753043e-01   1.8282812270591492e-01   2.7235658945352237e-01
  -9.6015781763566843e-01   6.4327797816153789e-02   2.7195385575724884e-01
  -9.5128072327483437e-01  -5.9986334757014509e-02   3.0243449731822492e-01
  -9.4669994421974624e-01  -1.6599478864884090e-01   2.7605243298285909e-01
  -9.3139663602083844e-01  -2.7149178440945809e-01   2.4247168372252056e-01
  -8.8925066875080849e-01  -3.7492134329832122e-01   2.6204433683180833e-01
  -8.2836787221623387e-01  -4.8265456933703693e-01   2.8434351580092099e-01
  -7.5898336358076646e-01  -5.8808841359940567e-01   2.7945710153395720e-01
  -6.8912085955171698e-01  -6.7788562436180921e-01   2.5609279805239110e-01
  -6.0201336864406707e-01  -7.4510841551348106e-01   2.8704242387635376e-01
  -5.1772786449187536e-01  -7.8604204390209453e-01   3.3778064412707248e-01
  -4.2000716600943755e-01  -8.4551862643243858e-01   3.2968505100553624e-01
  -3.2062190127299439e-01  -9.0610524344009191e-01   2.7599797867821785e-01
  -2.0719293405635711e-01  -9.4958089608972340e-01   2.3530237962790815e-01
  -8.3109767179857755e-02  -9.7478735152471863e-01   2.0708062658475390e-01
  -1.9269017189581673e-02  -9.5955719929240235e-01   2.8085349608411248e-01
   1.0191696550731112e-01  -9.4748013723052382e-01   3.0314076218055747e-01
   2.3329269130117361e-01  -9.2399655307837159e-01   3.0299321788571992e-01
   3.4865844918423300e-01  -8.9721223985019938e-01   2.7101196002286304e-01
   4.4713571751257758e-01  -8.4436270747693276e-01   2.9516312158997121e-01
   5.4183798693625906e-01  -7.8635483836260167e-01   2.9674511638203782e-01
   6.1252472210748643e-01  -7.2198283446204425e-01   3.2179846418107538e-01
   6.9180161847547039e-01  -6.4729362344830998e-01   3.2003356967336588e-01
   7.7211540005657120e-01  -5.6721333941455943e-01   2.8654290531378496e-01
   8.3943252302284821e-01  -4.7017005348078489e-01   2.7256771654282774e-01
   8.8761830639689243e-01  -3.6987743682890878e-01   2.7445295384453222e-01
   9.2047046532326371e-01  -2.7048476431203616e-01   2.8208529692743084e-01
   9.4462368968465127e-01  -1.6299316546055628e-01   2.8481452368112015e-01
   9.7728763331936941e-01   8.0682393027164262e-03   2.1176351261626702e-01
   9.7506757308904668e-01   1.1035043971508446e-01   1.9252534473394411e-01
   9.5816521492645546e-01   2.1727622716499123e-01   1.8630743950225526e-01
   9.2288509905516403e-01   3.3594313012801585e-01   1.8821611849608152e-01
   8.7405698280899935e-01   4.5932124527818835e-01   1.5826681407965221e-01
   8.0815609716064973e-01   5.6606630610645270e-01   1.6264273642884353e-01
   7.3086950743378865e-01   6.6224567819463720e-01   1.6510731303009052e-01
   6.4842793581024860e-01   7.4102630720985918e-01   1.7441681135653039e-01
   5.6462462698161553e-01   8.0992685392922592e-01   1.5880025784040142e-01
   4.7187906969571985e-01   8.6677176352909757e-01   1.6135939244977446e-01
   3.7145824552358231e-01   9.1123278738559144e-01   1.7797072519385743e-01
   2.7216213931585292e-01   9.4292324080659529e-01   1.9189458530611489e-01
   1.6961063738709445e-01   9.6370930938049315e-01   2.0614703174801347e-01
   5.3503948922856419e-02   9.7602393193136328e-01   2.1098486141641065e-01
  -4.1217622866117430e-02   9.8481772952752578e-01   1.6862724327200398e-01
  -1.9236643161632377e-01   9.6697018159411086e-01   1.6722387357986471e-01
  -2.8667041579514441e-01   9.3244064750628186e-01   2.1994206415759782e-01
  -3.9300848845728620e-01   8.9980405970515609e-01   1.8946498921605270e-01
  -4.9844943961675875e-01   8.5149516492276900e-01   1.6280092216841258e-01
  -6.1154561431050858e-01   7.7423884610075133e-01   1.6299132126024307e-01
  -7.0380786329665512e-01   6.8892128165465005e-01   1.7332616434084969e-01
  -7.7694267149974683e-01   6.0631103045137480e-01   1.6954946049996258e-01
  -8.3699272731306240e-01   5.2492038355379422e-01   1.5460195779736768e-01
  -8.9067047319805892e-01   4.2479809315774031e-01   1.6202681328315194e-01
  -9.3642951709751809e-01   3.0119845297894399e-01   1.7994235585764676e-01
  -9.6901605069867247e-01   1.8181841965470799e-01   1.6718240267029372e-01
  -9.8613416559998746e-01   7.0549106993011201e-02   1.5020729322807597e-01
  -9.8146684246455396e-01  -3.1274137404927911e-02   1.8906286116589910e-01
  -9.7666895788249786e-01  -1.3852541095112925e-01   1.6409892513217886e-01
  -9.5931419602073897e-01  -2.4910564577658115e-01   1.3290090502067983e-01
  -9.2138259593680050e-01  -3.6257392248954401e-01   1.3997950791208250e-01
  -8.7018064615528767e-01  -4.6131271670505930e-01   1.7313642153794109e-01
  -8.0784747500711229e-01  -5.6142003971649579e-01   1.7941570758816361e-01
  -7.3915128311988099e-01  -6.5593641417872273e-01   1.5297974119664512e-01
  -6.4982555084080140e-01  -7.4379783489722107e-01   1.5649771332724138e-01
  -5.5741960787102751e-01  -8.0661158029019242e-01   1.9662436090848034e-01
  -4.6670549682726964e-01  -8.5491881582602003e-01   2.2649458619986274e-01
  -3.7758812841304018e-01  -9.0768785393332330e-01   1.8311189230482919e-01
  -2.7174240218034451e-01  -9.5129934244080550e-01   1.4555283552355419e-01
  -1.4748469911081527e-01  -9.8189503956022495e-01   1.1887133723154858e-01
   1.6084661006059271e-02  -9.9075565085521411e-01   1.3470161089898386e-01
   9.5872096220027875e-02  -9.7524320366291561e-01   1.9927176136038571e-01
   2.1388340499589931e-01  -9.5622112995789033e-01   1.9973742686190640e-01
   3.1309780045788238e-01  -9.3619808218014167e-01   1.5969633142517939e-01
   4.1857578549972790e-01  -8.9280579591298159e-01   1.6640950266578300e-01
   5.1105748304238074e-01  -8.4020255512001052e-01   1.8132819801727629e-01
   6.0001570550641337e-01  -7.8105848949502132e-01   1.7299939055787633e-01
   6.6921311566458608e-01  -7.1447835039418572e-01   2.0414331397452237e-01
   7.4362772577710401e-01  -6.3920868936073238e-01   1.9603585616235392e-01
   8.2297099479768010e-01  -5.4074587515735695e-01   1.7410525615851150e-01
   8.8714205867760898e-01  -4.3282088801280866e-01   1.6014070883150669e-01
   9.3169628202732879e-01  -3.2803439578538723e-01   1.5599831165165895e-01
   9.5990751763233184e-01  -2.2647183392220505e-01   1.6519099864353309e-01
   9.7479389216128842e-01  -1.0356413775057095e-01   1.9761411178614496e-01
   9.9496999042368917e-01  -4.4117577466906574e-02   8.9935296267568257e-02
   9.9576151897436782e-01   5.6192268618510802e-02   7.2810893947023225e-02
   9.8434704914729587e-01   1.6214591083735827e-01   6.9062221465389567e-02
   9.5510087027978319e-01   2.8342841361020282e-01   8.6317216991771764e-02
   9.1428878131043179e-01   3.9850952231916847e-01   7.2568484832147326e-02
   8.5806312097835491e-01   5.1111868416179063e-01   4.9853496543418106e-02
   7.9285423305268565e-01   6.0682975453267807e-01   5.6034044510881634e-02
   7.1072486131496748e-01   7.0100159048306532e-01   5.8880740900850069e-02
   6.2363508171041315e-01   7.8003755908353201e-01   5.1192687749830539e-02
   5.3353501410601578e-01   8.4514195739833531e-01   3.2794215462545871e-02
   4.4150797226114985e-01   8.9601775161143549e-01   4.7147632252697406e-02
   3.3916890261990457e-01   9.3864605127504130e-01   6.2514365720066592e-02
   2.3080281724899709e-01   9.7002968551636659e-01   7.5976764651732961e-02
   1.1718331667199208e-01   9.8820080493992557e-01   9.8626768221588001e-02
   2.0586020885816059e-02   9.9809327816495963e-01   5.8189550831857187e-02
  -1.0650811322879207e-01   9.9133971697170342e-01   7.6821789688251249e-02
  -2.2269798566909446e-01   9.7349949198063401e-01   5.2003329627777956e-02
  -3.1850764020237299e-01   9.4306591881625701e-01   9.5809998956083442e-02
  -4.1498225337900346e-01   9.0767959427037004e-01   6.2509867426359306e-02
  -5.2233058386337450e-01   8.5037206891238459e-01   6.3546090159954563e-02
  -6.2185768030777033e-01   7.8099846914538829e-01   5.7744407822738424e-02
  -7.0742163754886667e-01   7.0441319842922689e-01   5.7936798378808357e-02
  -7.7638959825347886e-01   6.2887828128372292e-01   4.1608881905577204e-02
  -8.4011315056375035e-01   5.4123986815189873e-01   3.5627227969132501e-02
  -8.9852781628583134e-01   4.3593343866151213e-01   5.1086205744457623e-02
  -9.4270658687188125e-01   3.2388399959735242e-01   8.0021533809283812e-02
  -9.7745333903923803e-01   2.0243710232368334e-01   6.0034903213339146e-02
  -9.9507815070504191e-01   9.5581585412201825e-02   2.6146405479984914e-02
  -9.9862033026876806e-01  -1.0343523121495014e-02   5.1482497058045293e-02
  -9.9211911296367528e-01  -1.1243116850075280e-01   5.5307305500499913e-02
  -9.7296178844672587e-01  -2.2962302540343801e-01   2.4872161689745112e-02
  -9.3775513781363296e-01  -3.4625460851532358e-01   2.6889544176765420e-02
  -8.8917559277953639e-01  -4.5481902032138771e-01   5.0064198376217166e-02
  -8.3180205815808828e-01  -5.5083737447270209e-01   6.8436269097521735e-02
  -7.6305011041404636e-01  -6.4458341549293618e-01   4.7610392442958636e-02
  -6.7548285448215684e-01  -7.3566124967103175e-01   5.0253746458281782e-02
  -5.7767141155333723e-01  -8.1299611995842047e-01   7.3027729024860294e-02
  -4.8573999082168323e-01  -8.6870131935270789e-01   9.7029269148106764e-02
  -3.9857680061358253e-01  -9.1486966368917466e-01   6.4420745679454619e-02
  -2.8836527859312516e-01  -9.5652223995125008e-01   4.3711218017261896e-02
  -1.6520777446417090e-01  -9.8607157619501773e-01   1.9215563402328620e-02
  -3.8896308791970702e-02  -9.9816534096489695e-01   4.6400746317175626e-02
   9.4778948917724801e-02  -9.9506244034578140e-01   2.9456589333278028e-02
   1.7157506587096660e-01  -9.8093663246665708e-01   9.1243190739627264e-02
   2.7334771148320802e-01  -9.6087128023747903e-01   4.4804145362688536e-02
   3.7670073818648020e-01  -9.2530247321044390e-01   4.3725129163864396e-02
   4.7942574417816108e-01  -8.7585265623409880e-01   5.5073409072711355e-02
   5.6988709179740082e-01  -8.1999931420690886e-01   5.3196121126450280e-02
   6.5897185449594842e-01  -7.4971787526946476e-01   6.0656429862051650e-02
   7.2911463456935000e-01  -6.7991864462651130e-01   7.8118412336984702e-02
   8.0011009417052237e-01  -5.9451266234475664e-01   7.9865709276180530e-02
   8.7068705979024397e-01  -4.8774696602057632e-01   6.3300403249449855e-02
   9.2635133242332746e-01  -3.7411648285700427e-01   4.3704303818168595e-02
   9.6255676181223571e-01  -2.6913429701882552e-01   3.2422375880331492e-02
   9.8394916094776053e-01  -1.6090949465979629e-01   7.7150393378952214e-02
  -0.0000000000000000e+00  -0.0000000000000000e+00  -1.0000000000000000e+00
  -1.3794504237723321e-01  -0.0000000000000000e+00  -9.9043988473987821e-01
  -7.8864673843281552e-02  -9.0662201727841757e-02  -9.9275411275776282e-01
   4.3194399869164846e-02  -1.2114023072741140e-01  -9.9169515896733718e-01
   1.1566336421404277e-01  -3.3400032126982115e-02  -9.9272676202095322e-01
   1.5278417433266739e-01   6.9638123755263515e-02  -9.8580298629763330e-01
   4.2083855085189512e-02   1.0826207352898440e-01  -9.9323122815202181e-01
  -7.3346836987906408e-02   1.0296224606757076e-01  -9.9197732705369357e-01
  -2.3651452257674346e-01  -6.3960811379780824e-02  -9.6952044600304088e-01
  -1.9071805974332331e-01  -1.5879354476689514e-01  -9.6871628035669255e-01
  -7.4520525577153690e-02  -2.0149656008096553e-01  -9.7665030975433709e-01
   4.1373956341379255e-02  -2.3290349435241914e-01  -9.7161934833302610e-01
   1.5211134908777116e-01  -1.8186651429139353e-01  -9.7148685449582717e-01
   2.1549779629200985e-01  -9.4976095088873641e-02  -9.7187460155873850e-01
   2.6028550865016548e-01   4.7175154688675544e-03  -9.6552017018523528e-01
   2.6598838029471178e-01   1.1708163186777835e-01  -9.5683962764267538e-01
   1.5293288735344715e-01   1.8632699345736614e-01  -9.7051212433172440e-01
   4.1215277323266693e-02   2.2564939858069458e-01  -9.7333634979658346e-01
  -6.1824556285255745e-02   2.2731293951932455e-01  -9.7185726923618532e-01
  -1.7440458578185924e-01   1.3530898146287165e-01  -9.7533303029977325e-01
  -2.5181330510197980e-01   5.2207352051638761e-02  -9.6636662388835304e-01
  -3.6169758780196315e-01   2.1165364242290772e-03  -9.3229307369078207e-01
  -3.4784921122267326e-01  -1.0089653465703184e-01  -9.3210558175882974e-01
  -3.0203875926041357e-01  -2.0127428892278335e-01  -9.3180537051632073e-01
  -1.8895895186318340e-01  -2.6987910269112408e-01  -9.4417148042153909e-01
  -7.0379214799918072e-02  -3.1098911838854615e-01  -9.4780405905865472e-01
   3.4509648337221123e-02  -3.5425266869049399e-01  -9.3451277727878312e-01
   1.3847017142213106e-01  -3.0771576885869950e-01  -9.4134850996962072e-01
   2.4262977692727755e-01  -2.5547401434317402e-01  -9.3587596365309178e-01
   3.0773631299267873e-01  -1.6888599785756439e-01  -9.3636311407131301e-01
   3.5589681071555351e-01  -6.9675788153216303e-02  -9.3192421616123144e-01
   3.7898084164194640e-01   3.6860442442827511e-02  -9.2467011925944753e-01
   3.6657378930030154e-01   1.5423332813769372e-01  -9.1751606933589380e-01
   2.5516459949371462e-01   2.3562163666689578e-01  -9.3774915169229855e-01
   1.4366850575151510e-01   3.0403234385695305e-01  -9.4176626311626510e-01
   4.5876668093000783e-02   3.5161964010086150e-01  -9.3501816026215512e-01
  -5.6940020330877909e-02   3.4913265439189567e-01  -9.3534176840446315e-01
  -1.6202891966333677e-01   2.6150228348994320e-01  -9.5150574613203331e-01
  -2.6278412831047954e-01   2.1567190805604119e-01  -9.4044145484105912e-01
  -3.3049697339162026e-01   1.2792376479457998e-01  -9.3509746068512001e-01
  -4.7259867679887224e-01  -2.6019340106679733e-02  -8.8089357168069293e-01
  -4.5750151272435402e-01  -1.3527836417853698e-01  -8.7885842434382277e-01
  -4.0974841877185042e-01  -2.2893586290706941e-01  -8.8300317326098199e-01
  -3.0618426543572952e-01  -3.0991355053405234e-01  -9.0011376325160153e-01
  -1.9388742564624795e-01  -3.7288314646911080e-01  -9.0739507671992925e-01
  -8.7144961438761367e-02  -4.1818189775343273e-01  -9.0417346570620749e-01
   1.4378809044237734e-02  -4.6742194074607374e-01  -8.8391740516840334e-01
   1.2670410113669231e-01  -4.3000177999608447e-01  -8.9389291302445273e-01
   2.3293714748412020e-01  -3.7793758895430707e-01  -8.9604880680539190e-01
   3.3373900607079926e-01  -3.2921304990223582e-01  -8.8331027595117617e-01
   3.9126352934545289e-01  -2.3917141611942902e-01  -8.8865622392214572e-01
   4.4456257390612275e-01  -1.3631628471022772e-01  -8.8531462678799300e-01
   4.8660523684006457e-01  -4.2030927114268209e-02  -8.7261030514528060e-01
   4.7544322029625041e-01   7.0386590783430167e-02  -8.7692614974820826e-01
   4.5946728404210752e-01   1.9558384198141102e-01  -8.6639296837564406e-01
   3.5667711937976160e-01   2.7360310485388767e-01  -8.9326523134244273e-01
   2.5170544389734095e-01   3.5037309964079272e-01  -9.0215467662732074e-01
   1.5596551881524395e-01   4.2215717934955443e-01  -8.9300507997677148e-01
   4.9306183707485469e-02   4.6568659295873871e-01  -8.8357506607344105e-01
  -5.3310901227442302e-02   4.7050117533171693e-01  -8.8078748391526929e-01
  -1.5304452618061151e-01   3.9065897659992882e-01  -9.0772404232125992e-01
  -2.4710813528764086e-01   3.4945973579498685e-01  -9.0377843663851765e-01
  -3.4418203068159353e-01   2.8837997957390732e-01  -8.9351872791612341e-01
  -4.1418962364082651e-01   2.0589316381312839e-01  -8.8659740624665195e-01
  -4.3998724587768845e-01   8.8778900367369282e-02  -8.9360479537350701e-01
  -5.5291570558076308e-01   4.4144324420456717e-02  -8.3206700520065591e-01
  -5.6674965849985071e-01  -8.4707111538227603e-02  -8.1952396538792749e-01
  -5.4218487566993578e-01  -2.0035138274719960e-01  -8.1602382564852938e-01
  -4.8865324540112132e-01  -3.0039141627063543e-01  -8.1913552162622838e-01
  -3.9958131007351355e-01  -3.5556195693493087e-01  -8.4493222889207920e-01
  -2.9769091853249041e-01  -4.2367135648800719e-01  -8.5550143115888133e-01
  -1.9860077253307784e-01  -4.8446602785884052e-01  -8.5196854460710092e-01
  -9.7384334758096047e-02  -5.2600490439633873e-01  -8.4488764453903675e-01
   2.3514059565461761e-02  -5.6472926467165252e-01  -8.2494117767642472e-01
   1.3845344740655285e-01  -5.2710347124632895e-01  -8.3844652393656649e-01
   2.5060818045725092e-01  -4.7705980361158984e-01  -8.4238321663360394e-01
   3.5876081355355177e-01  -4.3436531247530136e-01  -8.2620666541527454e-01
   4.4288052579579795e-01  -3.6451957135617524e-01  -8.1913510605342010e-01
   4.9071214649127665e-01  -2.6270903592957351e-01  -8.3077406779874752e-01
   5.4670688698082626e-01  -1.7187970627215646e-01  -8.1949310326538516e-01
   5.8760822238079979e-01  -7.2145930122221424e-02  -8.0592278895516789e-01
   5.7826034667264614e-01   4.1255842254225426e-02  -8.1480852164537743e-01
   5.5439195241543859e-01   1.5667700033596504e-01  -8.1737499390593182e-01
   4.9318223802225142e-01   2.8996822041335252e-01  -8.2017663417685627e-01
   3.9741828636684973e-01   3.5630046853364922e-01  -8.4564098870852911e-01
   2.9659282057296388e-01   4.3230220858075852e-01  -8.5155592842794059e-01
   1.8411698329004850e-01   5.1072491919277485e-01  -8.3979818610170009e-01
   7.9324548979731166e-02   5.6573484759590853e-01  -8.2076287571063811e-01
  -2.3963012422265850e-02   5.8131563830767463e-01  -8.1332521336461172e-01
  -1.4393808410268677e-01   5.1539646478508994e-01  -8.4477707830638937e-01
  -2.3756887969747986e-01   4.8174492594951368e-01  -8.4349443016606929e-01
  -3.2675762937959157e-01   4.2136642516966033e-01  -8.4597859747275550e-01
  -4.2094009072427657e-01   3.5858100063379855e-01  -8.3320412025235546e-01
  -4.9363561157340724e-01   2.7485104693732493e-01  -8.2509440973988224e-01
  -5.2305624020975450e-01   1.5771283842850239e-01  -8.3757914860176685e-01
  -6.4292419997394668e-01  -1.9792715909436157e-02  -7.6567403082825591e-01
  -6.4151012364665672e-01  -1.5388676325591513e-01  -7.5152087486208208e-01
  -6.0080489407637550e-01  -2.7859712336117048e-01  -7.4927773362669470e-01
  -5.4882631517969171e-01  -3.8349159964360718e-01  -7.4278117152299239e-01
  -4.6431704759586168e-01  -4.3724565384537445e-01  -7.7021160566768487e-01
  -3.7236952813658403e-01  -4.8464978748545923e-01  -7.9148943012881545e-01
  -2.7603230879166663e-01  -5.4973987307001837e-01  -7.8841121025775762e-01
  -1.7406310166220959e-01  -6.0305820609578720e-01  -7.7847468597267977e-01
  -6.2496331367681790e-02  -6.2715349385067920e-01  -7.7638437884624323e-01
   7.7208789942069644e-02  -6.4406054062451024e-01  -7.6106821163818483e-01
   1.8386618657526624e-01  -6.0413242419610902e-01  -7.7538199583766576e-01
   2.9340943699554972e-01  -5.5550727554366552e-01  -7.7802478694448318e-01
   4.0575209159976400e-01  -5.1366410717308231e-01  -7.5598573079423725e-01
   4.9524542258324500e-01  -4.5303148116622582e-01  -7.4127892758574943e-01
   5.4985174471833487e-01  -3.5313221717431537e-01  -7.5694167280164670e-01
   6.0854258241237580e-01  -2.5999262518247457e-01  -7.4971978781515569e-01
   6.5570608421957310e-01  -1.6604911076563919e-01  -7.3653053156768356e-01
   6.7738797817257224e-01  -4.9423647315691953e-02  -7.3396377983745820e-01
   6.6304127775736499e-01   6.7361080801859444e-02  -7.4554594008892972e-01
   6.3346298709095306e-01   1.8747436395230924e-01  -7.5071832723497833e-01
   5.8350943663795463e-01   2.8926707916911615e-01  -7.5884207465283926e-01
   5.1916849950804778e-01   3.9446811076606608e-01  -7.5819455201630981e-01
   4.2363266467116589e-01   4.4677679045258956e-01  -7.8798849289598794e-01
   3.1291071929918302e-01   5.1768877585330408e-01  -7.9629467730431014e-01
   2.1671550210490248e-01   5.9394629429074663e-01  -7.7476589409040830e-01
   1.1686918828280747e-01   6.5118714409908252e-01  -7.4986458523536004e-01
   1.5335905332207975e-02   6.8062977115253165e-01  -7.3246701265551473e-01
  -1.0913894539206301e-01   6.2350391988262732e-01  -7.7416506798596030e-01
  -2.1171833789024785e-01   6.0859257426678792e-01  -7.6471591061538347e-01
  -3.0252679678052030e-01   5.6183626709436596e-01  -7.6994645671448225e-01
  -3.8944993493438873e-01   4.9481855837677718e-01  -7.7684190313443335e-01
  -4.8337693141774557e-01   4.2681707524861212e-01  -7.6431271509074394e-01
  -5.6193735474626461e-01   3.3595737213617494e-01  -7.5588296279789668e-01
  -5.9950436468277057e-01   2.1800156311827529e-01  -7.7011027470375704e-01
  -6.3088465751763423e-01   1.0381370605377012e-01  -7.6890003468867052e-01
  -7.2015451414110487e-01   2.4379573172259826e-02  -6.9338525523270800e-01
  -7.1799046757663387e-01  -9.6548536587356099e-02  -6.8932435656367641e-01
  -6.9390260256390379e-01  -2.3204858060601610e-01  -6.8165433644463402e-01
  -6.5696902480492159e-01  -3.4838984230059322e-01  -6.6859271475887172e-01
  -6.0046411742762573e-01  -4.5199967921168216e-01  -6.5965076644721554e-01
  -5.1706229279071370e-01  -5.2053621449615162e-01  -6.7947673600501346e-01
  -4.2992945880619809e-01  -5.6220159194137631e-01  -7.0646304253597847e-01
  -3.3465842824264475e-01  -6.1200220730665766e-01  -7.1655916340379144e-01
  -2.2704340643936377e-01  -6.7083212302310558e-01  -7.0599968435738181e-01
  -1.1146745511364493e-01  -7.0675415857875334e-01  -6.9862262043404089e-01
   4.5106664141385438e-03  -7.0941657763888666e-01  -7.0477498058573973e-01
   1.2501031312526531e-01  -7.2577832981556722e-01  -6.7647486101291954e-01
   2.1937660461506925e-01  -6.8226588178475023e-01  -6.9741463413097438e-01
   3.2248464853239461e-01  -6.3266760640055797e-01  -7.0408476142601373e-01
   4.3075239333765603e-01  -5.9301614944394876e-01  -6.8028245761047923e-01
   5.2856888013304071e-01  -5.4039801076458427e-01  -6.5466398168570683e-01
   5.9409080954952931e-01  -4.4721513379963829e-01  -6.6862151783303869e-01
   6.5156416195560685e-01  -3.4840303191386324e-01  -6.7385419061419771e-01
   7.1327581290064601e-01  -2.5765052014273759e-01  -6.5180811915862136e-01
   7.4070252873978881e-01  -1.5032297406756584e-01  -6.5479979183408743e-01
   7.5347448879297407e-01  -2.9943749137109687e-02  -6.5679491976246296e-01
   7.3317316715215686e-01   9.7519975666255379e-02  -6.7301334408325686e-01
   7.1104649521391539e-01   2.1398230158762954e-01  -6.6979433877218475e-01
   6.6668182262148745e-01   3.1689021393853190e-01  -6.7462281290813397e-01
   6.1195670625669429e-01   4.0683272351705507e-01  -6.7823014142925953e-01
   5.3212390963210787e-01   4.9149965774932480e-01  -6.8939990660728756e-01
   4.2664573429501890e-01   5.3922982870291858e-01  -7.2608856845765390e-01
   3.3714279579177486e-01   6.0766270840373371e-01  -7.1908328311896152e-01
   2.4726302542229073e-01   6.7602471693843702e-01  -6.9415529843639578e-01
   1.5152816601841113e-01   7.2959443400814838e-01  -6.6688168123545466e-01
   5.2326985123544452e-02   7.6552674282709265e-01  -6.4127271316065115e-01
  -6.8660556598161088e-02   7.1967434566096078e-01  -6.9090850636325118e-01
  -1.7631695298304598e-01   7.0901465529999519e-01  -6.8279612671763401e-01
  -2.7571532573541885e-01   6.8454885610750327e-01  -6.7481399122759800e-01
  -3.6734279543064019e-01   6.2360493013054596e-01  -6.9005518747566830e-01
  -4.5731639480326647e-01   5.4844644635278461e-01  -7.0004872010964003e-01
  -5.5653639110286801e-01   4.6334560444328676e-01  -6.8962170515528354e-01
  -6.3490391332177820e-01   3.6430099766974938e-01  -6.8130889025868235e-01
  -6.7334926925228189e-01   2.5145106810848611e-01  -6.9525040233323088e-01
  -7.0807850646238502e-01   1.3975950223532643e-01  -6.9216479990023472e-01
  -7.9336524491940608e-01  -3.3438977191446229e-02  -6.0782680342212680e-01
  -7.7436295822263357e-01  -1.5976712700273693e-01  -6.1223890276752513e-01
  -7.5454985909642447e-01  -2.7910219687264981e-01  -5.9393305501413762e-01
  -7.1584221028612749e-01  -3.8874947872010363e-01  -5.8003773391695757e-01
  -6.6247115502985554e-01  -4.8819967868915437e-01  -5.6814878551416048e-01
  -5.7723951770053039e-01  -5.7107034217337993e-01  -5.8367217125269721e-01
  -4.8941032507700960e-01  -6.3487984540652775e-01  -5.9783368557199867e-01
  -4.0039212879160685e-01  -6.7065759752689647e-01  -6.2442335805219251e-01
  -2.9882890618295860e-01  -7.1511285218228593e-01  -6.3191367564977785e-01
  -1.8116714742089310e-01  -7.6252778153219114e-01  -6.2107153137699955e-01
  -5.8508670174718905e-02  -7.8530327643944187e-01  -6.1634040880658092e-01
   5.1510864122316806e-02  -7.9019757679921820e-01  -6.1068356822336056e-01
   1.6597505849753660e-01  -8.0047111140605642e-01  -5.7593253056333971e-01
   2.5615946473491141e-01  -7.5392311002853907e-01  -6.0496468722696450e-01
   3.5265180041614486e-01  -7.0356637775610353e-01  -6.1695304501591308e-01
   4.5650832712144079e-01  -6.6448998238089596e-01  -5.9165294775249799e-01
   5.5340990927824718e-01  -6.1057762136660321e-01  -5.6650899427894630e-01
   6.3430233721734885e-01  -5.1838705764116255e-01  -5.7352890377970200e-01
   6.9436786774918646e-01  -4.1671573824588753e-01  -5.8668667765310067e-01
   7.5949973196893827e-01  -3.1637525958307910e-01  -5.6838970105276398e-01
   8.0527204088046977e-01  -2.0157923372999750e-01  -5.5758654279405817e-01
   8.1774120668490491e-01  -9.3575840350261910e-02  -5.6792858793360446e-01
   8.0837045694145715e-01   3.8408389386815192e-02  -5.8741978173106379e-01
   7.9431557052814561e-01   1.5961191831571106e-01  -5.8616278451307813e-01
   7.6836790521804643e-01   2.7382698953313861e-01  -5.7847172967574623e-01
   7.2657235997172109e-01   3.7126834425771810e-01  -5.7814567565385822e-01
   6.6552777817116260e-01   4.6356437172186288e-01  -5.8496226352874292e-01
   5.9396250873003964e-01   5.3950605499599080e-01  -5.9677613461479884e-01
   4.9150500630809246e-01   5.9451808311120879e-01  -6.3637337910055281e-01
   4.0204139494663310e-01   6.5929553660023088e-01  -6.3536769839863527e-01
   3.1324172730125455e-01   7.2544297588293205e-01  -6.1287201683503401e-01
   2.1747828176670425e-01   7.8256763849502398e-01  -5.8334474210377829e-01
   1.1904413655530031e-01   8.2462034916589244e-01  -5.5301878204390542e-01
  -2.3291189893804558e-02   8.0919180919822531e-01  -5.8708273386281229e-01
  -1.3067563731445112e-01   7.9015910945956080e-01  -5.9880920129080839e-01
  -2.3417891062449600e-01   7.8618314474554096e-01  -5.7190584953883439e-01
  -3.2902707915024565e-01   7.3962004670260773e-01  -5.8711444174154870e-01
  -4.2884948361648484e-01   6.6570955941139709e-01  -6.1067086299426299e-01
  -5.2618384714877986e-01   5.7721118696031781e-01  -6.2446601560659043e-01
  -6.2359165318345433e-01   4.9025738006778569e-01  -6.0891801695219783e-01
  -6.9804560756349077e-01   4.0379341342214875e-01  -5.9134018046992776e-01
  -7.3621935650764503e-01   2.9800718507074597e-01  -6.0759589922059154e-01
  -7.7261381340163859e-01   1.9208067273546767e-01  -6.0512222773789115e-01
  -7.9264492598049141e-01   8.1372193216331989e-02  -6.0422891977175774e-01
  -8.5772467547478548e-01   5.9080624768116083e-02  -5.1070330022301902e-01
  -8.4895887545185988e-01  -7.0893273715430513e-02  -5.2368212833113037e-01
  -8.3284136944939846e-01  -1.8831271556839410e-01  -5.2049358736578843e-01
  -8.1222872572214133e-01  -3.0497241606771941e-01  -4.9726886344270987e-01
  -7.7682945811105697e-01  -4.0827238699587748e-01  -4.7942637706697994e-01
  -7.2370996384813602e-01  -5.0551861759003169e-01  -4.6978166790200843e-01
  -6.4056260259898945e-01  -5.9317729146230658e-01  -4.8766817924183953e-01
  -5.5042576587697889e-01  -6.7322626863807278e-01  -4.9375891634926317e-01
  -4.5865385977908063e-01  -7.3236088147833456e-01  -5.0327346064543110e-01
  -3.6825358378299400e-01  -7.6305540144808270e-01  -5.3116452474905262e-01
  -2.6443087411361343e-01  -7.9868252103573611e-01  -5.4053912292035933e-01
  -1.4898935222949652e-01  -8.3416476193871714e-01  -5.3100972012003544e-01
  -3.4279096994752824e-02  -8.5338765328137645e-01  -5.2014849488980497e-01
   8.1761970835729336e-02  -8.5783873061361871e-01  -5.0737332644146027e-01
   1.9221597696055900e-01  -8.6311719780705853e-01  -4.6699220662746493e-01
   2.8891580930779259e-01  -8.1517715635583010e-01  -5.0200981951317036e-01
   3.8432052268924505e-01  -7.6462064088541337e-01  -5.1735192216889003e-01
   4.8627339432612299e-01  -7.2279164812229246e-01  -4.9102995771664593e-01
   5.7767688778041182e-01  -6.7048963526930150e-01  -4.6554598303580763e-01
   6.5657180923489156e-01  -5.7848621583804472e-01  -4.8401152610593928e-01
   7.3304559018146587e-01  -4.6717565052642596e-01  -4.9435925628101379e-01
   7.9642423232146065e-01  -3.6582727690961081e-01  -4.8153800020358833e-01
   8.4693831808750142e-01  -2.4797129660597228e-01  -4.7032512309536167e-01
   8.8161772221769641e-01  -1.3242602138873455e-01  -4.5300501181646008e-01
   8.6934287745002958e-01  -2.4827583548989847e-02  -4.9358540549941365e-01
   8.6128665697914975e-01   9.9932938567238630e-02  -4.9819544588343728e-01
   8.4505944683290912e-01   2.1926800420763437e-01  -4.8764338778379684e-01
   8.2192268465889895e-01   3.2247323347104956e-01  -4.6952541372947432e-01
   7.6902475586779329e-01   4.2153222604804891e-01  -4.8053252466972268e-01
   7.0525533371869509e-01   5.1770610278128870e-01  -4.8435039527633494e-01
   6.3440071436192491e-01   5.9885173856039020e-01  -4.8878658823690885e-01
   5.4575471058714065e-01   6.4314222052589942e-01  -5.3714046584572428e-01
   4.5485778198789062e-01   7.0692353675972974e-01  -5.4163041951147062e-01
   3.5849189711929164e-01   7.7417006681297640e-01  -5.2167448409003381e-01
   2.5555137624931523e-01   8.3351684509738810e-01  -4.8983993613830396e-01
   1.7930462652790141e-01   8.8214161228639520e-01  -4.3551811303142046e-01
   6.3469536490474390e-02   8.7191240457903352e-01  -4.8553102545449350e-01
  -5.5224600882779133e-02   8.6737996337537449e-01  -4.9457278796176385e-01
  -1.6841910943363930e-01   8.5550077408995728e-01  -4.8964622852531375e-01
  -2.8449688888203883e-01   8.3772706354135684e-01  -4.6612754394780875e-01
  -3.8117067874797977e-01   7.7939652656652081e-01  -4.9724236347966871e-01
  -4.7158638645362316e-01   7.0682923491223759e-01  -5.2725583238594420e-01
  -5.6269776829841001e-01   6.2573437035645929e-01  -5.4021081006084493e-01
  -6.5205299092590085e-01   5.5025890380641973e-01  -5.2157649084898794e-01
  -7.3047912357449474e-01   4.7355839235275105e-01  -4.9207997221398464e-01
  -7.8084189565059681e-01   3.7553216307582504e-01  -4.9926098234528055e-01
  -8.1576663056540899e-01   2.7403422708674607e-01  -5.0934275968244525e-01
  -8.4748589371480010e-01   1.6992011521788508e-01  -5.0288648261686975e-01
  -9.0224145067479056e-01  -7.5370134150785899e-03  -4.3116534892431957e-01
  -8.9759714155163783e-01  -1.2682746042020704e-01  -4.2217788521154209e-01
  -8.7888000698330038e-01  -2.3583946840716721e-01  -4.1466815463266371e-01
  -8.5611708110477536e-01  -3.4641808726017315e-01  -3.8348148880961980e-01
  -8.1436371536118013e-01  -4.4827698397174010e-01  -3.6859121631467973e-01
  -7.5090021266730955e-01  -5.4802966324484448e-01  -3.6852728368457555e-01
  -6.7013747434880577e-01  -6.3132531391124369e-01  -3.9031284053727111e-01
  -5.8129335134055904e-01  -7.1192977311585626e-01  -3.9402288999303936e-01
  -4.9001456242914382e-01  -7.7977904972488721e-01  -3.8965415719266550e-01
  -3.9664259551409009e-01  -8.2203530731352148e-01  -4.0857386719393868e-01
  -3.0122185556678893e-01  -8.4838497532683521e-01  -4.3532554182885458e-01
  -1.9815182791409230e-01  -8.7882476522756203e-01  -4.3405401175086999e-01
  -8.6752802305695820e-02  -9.0161737167534717e-01  -4.2374528479423534e-01
   3.2874560075863028e-02  -9.0859377572671729e-01  -4.1638517506088812e-01
   1.4788778532703242e-01  -9.1359763478990608e-01  -3.7877244442719821e-01
   3.0105157962753926e-01  -8.6726170373513378e-01  -3.9651618332445970e-01
   4.0924287875531651e-01  -8.1436817284351615e-01  -4.1149088112323257e-01
   5.0282697011476452e-01  -7.7750959175249823e-01  -3.7768223794357758e-01
   5.9634259604038831e-01  -7.1661432497670563e-01  -3.6171731695619797e-01
   6.7948460416611278e-01  -6.2498540565578187e-01  -3.8430966084460977e-01
   7.4917199522039546e-01  -5.2512824232902644e-01  -4.0370985953518523e-01
   8.1604911653108514e-01  -4.3542366774826330e-01  -3.8009218483610707e-01
   8.6258600519017092e-01  -3.3035759522390662e-01  -3.8315694294628161e-01
   9.0632907786438566e-01  -2.1062768536610180e-01  -3.6633806896746451e-01
   9.2631555554888101e-01  -7.0762563308979787e-02  -3.7004344499276121e-01
   9.1344608146124229e-01   4.4893455512739204e-02  -4.0447599918317423e-01
   9.0365529373092868e-01   1.6601354323958512e-01  -3.9477412981742788e-01
   8.9395899823121716e-01   2.6555621992409928e-01  -3.6099474170832763e-01
   8.5221547608497550e-01   3.7077355689328567e-01  -3.6912836768522711e-01
   7.9056640241085741e-01   4.7811521674122803e-01  -3.8263638470438577e-01
   7.2086693230330567e-01   5.7871264499009478e-01  -3.8136929666687891e-01
   6.4818954693267583e-01   6.6363723128777896e-01  -3.7341121634988844e-01
   5.6833576937460728e-01   7.0234639453183056e-01  -4.2860704069988315e-01
   4.7312861369009396e-01   7.6127413264518629e-01  -4.4340840076954935e-01
   3.6835668616584133e-01   8.2760662568499610e-01  -4.2353349912281385e-01
   2.7921471758860000e-01   8.8720344965559161e-01  -3.6729985080467498e-01
   1.6304955504757565e-01   9.3193471269510231e-01  -3.2390204363770980e-01
   6.5755791980847161e-02   9.2290491007311259e-01  -3.7937145752403606e-01
  -5.1597156511147706e-02   9.1630436599871112e-01  -3.9714486310622737e-01
  -1.8255407454560102e-01   9.0147296899120255e-01  -3.9245445091753689e-01
  -3.2510890328011705e-01   8.6729719465213173e-01  -3.7696124092078998e-01
  -4.3365314674303190e-01   8.0713312622988487e-01  -4.0060087975719566e-01
  -5.1797348081304861e-01   7.4314803938848140e-01  -4.2359705467279940e-01
  -5.9531561929807808e-01   6.7204802583705547e-01  -4.4039841551515824e-01
  -6.8054615860832834e-01   5.9981640042538031e-01  -4.2080543221801203e-01
  -7.6045205408645222e-01   5.1958177237551351e-01  -3.8954775734281355e-01
  -8.1932399100119535e-01   4.2534470232429339e-01  -3.8443475646009362e-01
  -8.5734095746150918e-01   3.2738474664659811e-01  -3.9722249473327353e-01
  -8.8987377900340126e-01   2.2572952760858528e-01  -3.9644777437616008e-01
  -9.0897391797175675e-01   1.1666767769829461e-01  -4.0019378984132292e-01
  -9.4577458826431893e-01   4.2349873164504677e-02  -3.2205110842288404e-01
  -9.4392489847307992e-01  -7.1302746632798009e-02  -3.2236889484750958e-01
  -9.3567731069635984e-01  -1.7873083322575317e-01  -3.0424210672169577e-01
  -9.1144032220078586e-01  -2.8444847751765789e-01  -2.9726352400591333e-01
  -8.7499065096904194e-01  -4.0434011132314235e-01  -2.6627135612371300e-01
  -8.1798387429816066e-01  -5.1169271896795909e-01  -2.6281731819525922e-01
  -7.4368481054540936e-01  -6.1166752353179066e-01  -2.6980686281213256e-01
  -6.6307853830857055e-01  -6.9099080461632501e-01  -2.8785162839604245e-01
  -5.7746563292726028e-01  -7.6586458970417381e-01  -2.8281597024421462e-01
  -4.8733429769241560e-01  -8.2857558561626488e-01  -2.7562253393600417e-01
  -3.8956993065971746e-01  -8.7311391100738256e-01  -2.9309958637155309e-01
  -2.9368791874502398e-01  -9.0203491120456303e-01  -3.1635490410517142e-01
  -1.9396629566349047e-01  -9.2706054933062243e-01  -3.2083611707753212e-01
  -8.0783931467507925e-02  -9.4416336051577321e-01  -3.1942057710206301e-01
   3.6843893302595528e-02  -9.4961812227771969e-01  -3.1123616333588999e-01
   1.2595604567942514e-01  -9.5969883984093629e-01  -2.5122342917165064e-01
   2.3293615138203860e-01  -9.2003959276787473e-01  -3.1506808330715963e-01
   3.6883873064327244e-01  -8.7709947810631295e-01  -3.0765970857928893e-01
   4.7126908863616102e-01  -8.3720512508564615e-01  -2.7747616947473130e-01
   5.7080723714224757e-01  -7.7981497646428588e-01  -2.5703637973648630e-01
   6.6790867671105192e-01  -6.9219419847195174e-01  -2.7343224238531888e-01
   7.4584198368836985e-01  -5.9910436910081943e-01  -2.9119356155675341e-01
   8.0902142756146711e-01  -5.1620086786311914e-01  -2.8110673020005866e-01
   8.6689861267300872e-01  -4.2051096314393183e-01  -2.6768885897880706e-01
   9.0815535517516222e-01  -3.1080531505308356e-01  -2.8045303885219069e-01
   9.4466701314753043e-01  -1.8282812270591492e-01  -2.7235658945352237e-01
   9.6015781763566843e-01  -6.4327797816153789e-02  -2.7195385575724884e-01
   9.5128072327483437e-01   5.9986334757014509e-02  -3.0243449731822492e-01
   9.4669994421974624e-01   1.6599478864884090e-01  -2.7605243298285909e-01
   9.3139663602083844e-01   2.7149178440945809e-01  -2.4247168372252056e-01
   8.8925066875080849e-01   3.7492134329832122e-01  -2.6204433683180833e-01
   8.2836787221623387e-01   4.8265456933703693e-01  -2.8434351580092099e-01
   7.5898336358076646e-01   5.8808841359940567e-01  -2.7945710153395720e-01
   6.8912085955171698e-01   6.7788562436180921e-01  -2.5609279805239110e-01
   6.0201336864406707e-01   7.4510841551348106e-01  -2.8704242387635376e-01
   5.1772786449187536e-01   7.8604204390209453e-01  -3.3778064412707248e-01
   4.2000716600943755e-01   8.4551862643243858e-01  -3.2968505100553624e-01
   3.2062190127299439e-01   9.0610524344009191e-01  -2.7599797867821785e-01
   2.0719293405635711e-01   9.4958089608972340e-01  -2.3530237962790815e-01
   8.3109767179857755e-02   9.7478735152471863e-01  -2.0708062658475390e-01
   1.9269017189581673e-02   9.5955719929240235e-01  -2.8085349608411248e-01
  -1.0191696550731112e-01   9.4748013723052382e-01  -3.0314076218055747e-01
  -2.3329269130117361e-01   9.2399655307837159e-01  -3.0299321788571992e-01
  -3.4865844918423300e-01   8.9721223985019938e-01  -2.7101196002286304e-01
  -4.4713571751257758e-01   8.4436270747693276e-01  -2.9516312158997121e-01
  -5.4183798693625906e-01   7.8635483836260167e-01  -2.9674511638203782e-01
  -6.1252472210748643e-01   7.2198283446204425e-01  -3.2179846418107538e-01
  -6.9180161847547039e-01   6.4729362344830998e-01  -3.2003356967336588e-01
  -7.7211540005657120e-01   5.6721333941455943e-01  -2.8654290531378496e-01
  -8.3943252302284821e-01   4.7017005348078489e-01  -2.7256771654282774e-01
  -8.8761830639689243e-01   3.6987743682890878e-01  -2.7445295384453222e-01
  -9.2047046532326371e-01   2.7048476431203616e-01  -2.8208529692743084e-01
  -9.4462368968465127e-01   1.6299316546055628e-01  -2.8481452368112015e-01
  -9.7728763331936941e-01  -8.0682393027164262e-03  -2.1176351261626702e-01
  -9.7506757308904668e-01  -1.1035043971508446e-01  -1.9252534473394411e-01
  -9.5816521492645546e-01  -2.1727622716499123e-01  -1.8630743950225526e-01
  -9.2288509905516403e-01  -3.3594313012801585e-01  -1.8821611849608152e-01
  -8.7405698280899935e-01  -4.5932124527818835e-01  -1.5826681407965221e-01
  -8.0815609716064973e-01  -5.6606630610645270e-01  -1.6264273642884353e-01
  -7.3086950743378865e-01  -6.6224567819463720e-01  -1.6510731303009052e-01
  -6.4842793581024860e-01  -7.4102630720985918e-01  -1.7441681135653039e-01
  -5.6462462698161553e-01  -8.0992685392922592e-01  -1.5880025784040142e-01
  -4.7187906969571985e-01  -8.6677176352909757e-01  -1.6135939244977446e-01
  -3.7145824552358231e-01  -9.1123278738559144e-01  -1.7797072519385743e-01
  -2.7216213931585292e-01  -9.4292324080659529e-01  -1.9189458530611489e-01
  -1.6961063738709445e-01  -9.6370930938049315e-01  -2.0614703174801347e-01
  -5.3503948922856419e-02  -9.7602393193136328e-01  -2.1098486141641065e-01
   4.1217622866117430e-02  -9.8481772952752578e-01  -1.6862724327200398e-01
   1.9236643161632377e-01  -9.6697018159411086e-01  -1.6722387357986471e-01
   2.8667041579514441e-01  -9.3244064750628186e-01  -2.1994206415759782e-01
   3.9300848845728620e-01  -8.9980405970515609e-01  -1.8946498921605270e-01
   4.9844943961675875e-01  -8.5149516492276900e-01  -1.6280092216841258e-01
   6.1154561431050858e-01  -7.7423884610075133e-01  -1.6299132126024307e-01
   7.0380786329665512e-01  -6.8892128165465005e-01  -1.7332616434084969e-01
   7.7694267149974683e-01  -6.0631103045137480e-01  -1.6954946049996258e-01
   8.3699272731306240e-01  -5.2492038355379422e-01  -1.5460195779736768e-01
   8.9067047319805892e-01  -4.2479809315774031e-01  -1.6202681328315194e-01
   9.3642951709751809e-01  -3.0119845297894399e-01  -1.7994235585764676e-01
   9.6901605069867247e-01  -1.8181841965470799e-01  -1.6718240267029372e-01
   9.8613416559998746e-01  -7.0549106993011201e-02  -1.5020729322807597e-01
   9.8146684246455396e-01   3.1274137404927911e-02  -1.8906286116589910e-01
   9.7666895788249786e-01   1.3852541095112925e-01  -1.6409892513217886e-01
   9.5931419602073897e-01   2.4910564577658115e-01  -1.3290090502067983e-01
   9.2138259593680050e-01   3.6257392248954401e-01  -1.3997950791208250e-01
   8.7018064615528767e-01   4.6131271670505930e-01  -1.7313642153794109e-01
   8.0784747500711229e-01   5.6142003971649579e-01  -1.7941570758816361e-01
   7.3915128311988099e-01   6.5593641417872273e-01  -1.5297974119664512e-01
   6.4982555084080140e-01   7.4379783489722107e-01  -1.5649771332724138e-01
   5.5741960787102751e-01   8.0661158029019242e-01  -1.9662436090848034e-01
   4.6670549682726964e-01   8.5491881582602003e-01  -2.2649458619986274e-01
   3.7758812841304018e-01   9.0768785393332330e-01  -1.8311189230482919e-01
   2.7174240218034451e-01   9.5129934244080550e-01  -1.4555283552355419e-01
   1.4748469911081527e-01   9.8189503956022495e-01  -1.1887133723154858e-01
  -1.6084661006059271e-02   9.9075565085521411e-01  -1.3470161089898386e-01
  -9.5872096220027875e-02   9.7524320366291561e-01  -1.9927176136038571e-01
  -2.1388340499589931e-01   9.5622112995789033e-01  -1.9973742686190640e-01
  -3.1309780045788238e-01   9.3619808218014167e-01  -1.5969633142517939e-01
  -4.1857578549972790e-01   8.9280579591298159e-01  -1.6640950266578300e-01
  -5.1105748304238074e-01   8.4020255512001052e-01  -1.8132819801727629e-01
  -6.0001570550641337e-01   7.8105848949502132e-01  -1.7299939055787633e-01
  -6.6921311566458608e-01   7.1447835039418572e-01  -2.0414331397452237e-01
  -7.4362772577710401e-01   6.3920868936073238e-01  -1.9603585616235392e-01
  -8.2297099479768010e-01   5.4074587515735695e-01  -1.7410525615851150e-01
  -8.8714205867760898e-01   4.3282088801280866e-01  -1.6014070883150669e-01
  -9.3169628202732879e-01   3.2803439578538723e-01  -1.5599831165165895e-01
  -9.5990751763233184e-01   2.2647183392220505e-01  -1.6519099864353309e-01
  -9.7479389216128842e-01   1.0356413775057095e-01  -1.9761411178614496e-01
  -9.9496999042368917e-01   4.4117577466906574e-02  -8.9935296267568257e-02
  -9.9576151897436782e-01  -5.6192268618510802e-02  -7.2810893947023225e-02
  -9.8434704914729587e-01  -1.6214591083735827e-01  -6.9062221465389567e-02
  -9.5510087027978319e-01  -2.8342841361020282e-01  -8.6317216991771764e-02
  -9.1428878131043179e-01  -3.9850952231916847e-01  -7.2568484832147326e-02
  -8.5806312097835491e-01  -5.1111868416179063e-01  -4.9853496543418106e-02
  -7.9285423305268565e-01  -6.0682975453267807e-01  -5.6034044510881634e-02
  -7.1072486131496748e-01  -7.0100159048306532e-01  -5.8880740900850069e-02
  -6.2363508171041315e-01  -7.8003755908353201e-01  -5.1192687749830539e-02
  -5.3353501410601578e-01  -8.4514195739833531e-01  -3.2794215462545871e-02
  -4.4150797226114985e-01  -8.9601775161143549e-01  -4.7147632252697406e-02
  -3.3916890261990457e-01  -9.3864605127504130e-01  -6.2514365720066592e-02
  -2.3080281724899709e-01  -9.7002968551636659e-01  -7.5976764651732961e-02
  -1.1718331667199208e-01  -9.8820080493992557e-01  -9.8626768221588001e-02
  -2.0586020885816059e-02  -9.9809327816495963e-01  -5.8189550831857187e-02
   1.0650811322879207e-01  -9.9133971697170342e-01  -7.6821789688251249e-02
   2.2269798566909446e-01  -9.7349949198063401e-01  -5.2003329627777956e-02
   3.1850764020237299e-01  -9.4306591881625701e-01  -9.5809998956083442e-02
   4.1498225337900346e-01  -9.0767959427037004e-01  -6.2509867426359306e-02
   5.2233058386337450e-01  -8.5037206891238459e-01  -6.3546090159954563e-02
   6.2185768030777033e-01  -7.8099846914538829e-01  -5.7744407822738424e-02
   7.0742163754886667e-01  -7.0441319842922689e-01  -5.7936798378808357e-02
   7.7638959825347886e-01  -6.2887828128372292e-01  -4.1608881905577204e-02
   8.4011315056375035e-01  -5.4123986815189873e-01  -3.5627227969132501e-02
   8.9852781628583134e-01  -4.3593343866151213e-01  -5.1086205744457623e-02
   9.4270658687188125e-01  -3.2388399959735242e-01  -8.0021533809283812e-02
   9.7745333903923803e-01  -2.0243710232368334e-01  -6.0034903213339146e-02
   9.9507815070504191e-01  -9.5581585412201825e-02  -2.6146405479984914e-02
   9.9862033026876806e-01   1.0343523121495014e-02  -5.1482497058045293e-02
   9.9211911296367528e-01   1.1243116850075280e-01  -5.5307305500499913e-02
   9.7296178844672587e-01   2.2962302540343801e-01  -2.4872161689745112e-02
   9.3775513781363296e-01   3.4625460851532358e-01  -2.6889544176765420e-02
   8.8917559277953639e-01   4.5481902032138771e-01  -5.0064198376217166e-02
   8.3180205815808828e-01   5.5083737447270209e-01  -6.8436269097521735e-02
   7.6305011041404636e-01   6.4458341549293618e-01  -4.7610392442958636e-02
   6.7548285448215684e-01   7.3566124967103175e-01  -5.0253746458281782e-02
   5.7767141155333723e-01   8.1299611995842047e-01  -7.3027729024860294e-02
   4.8573999082168323e-01   8.6870131935270789e-01  -9.7029269148106764e-02
   3.9857680061358253e-01   9.1486966368917466e-01  -6.4420745679454619e-02
   2.8836527859312516e-01   9.5652223995125008e-01  -4.3711218017261896e-02
   1.6520777446417090e-01   9.8607157619501773e-01  -1.9215563402328620e-02
   3.8896308791970702e-02   9.9816534096489695e-01  -4.6400746317175626e-02
  -9.4778948917724801e-02   9.9506244034578140e-01  -2.9456589333278028e-02
  -1.7157506587096660e-01   9.8093663246665708e-01  -9.1243190739627264e-02
  -2.7334771148320802e-01   9.6087128023747903e-01  -4.4804145362688536e-02
  -3.7670073818648020e-01   9.2530247321044390e-01  -4.3725129163864396e-02
  -4.7942574417816108e-01   8.7585265623409880e-01  -5.5073409072711355e-02
  -5.6988709179740082e-01   8.1999931420690886e-01  -5.3196121126450280e-02
  -6.5897185449594842e-01   7.4971787526946476e-01  -6.0656429862051650e-02
  -7.2911463456935000e-01   6.7991864462651130e-01  -7.8118412336984702e-02
  -8.0011009417052237e-01   5.9451266234475664e-01  -7.9865709276180530e-02
  -8.7068705979024397e-01   4.8774696602057632e-01  -6.3300403249449855e-02
  -9.2635133242332746e-01   3.7411648285700427e-01  -4.3704303818168595e-02
  -9.6255676181223571e-01   2.6913429701882552e-01  -3.2422375880331492e-02
  -9.8394916094776053e-01   1.6090949465979629e-01  -7.7150393378952214e-02
